100
405 325 784
570 297 808
519 251 816
975 721 595
279 165 330
431 724 534
78 77 451
759 540 966
967 501 511
967 545 697
833 574 55
610 440 605
324 194 566
949 493 634
336 35 680
194 416 922
186 986 700
853 557 847
286 302 15
706 674 18
861 100 306
721 494 97
882 542 175
897 502 940
822 991 205
197 318 73
680 941 231
409 260 867
264 184 726
742 62 109
163 21 738
163 323 977
237 425 416
517 773 800
420 515 961
70 792 626
548 200 910
122 566 862
595 848 286
792 290 385
520 6 678
618 474 487
678 572 979
921 707 446
993 609 474
617 376 966
437 997 469
156 133 269
313 322 77
313 171 210
191 502 601
722 682 313
598 819 252
426 638 315
746 189 863
989 836 581
425 668 173
59 908 443
767 1000 130
807 531 361
65 333 909
653 758 478
855 29 628
562 102 626
162 385 762
275 863 111
512 275 835
904 814 722
682 950 699
870 848 632
312 491 555
824 207 553
250 655 479
924 665 465
639 815 916
571 127 878
937 851 358
43 579 916
406 452 185
736 830 771
742 344 584
592 982 234
654 817 45
41 312 612
69 578 795
501 413 155
684 238 138
650 852 92
535 897 673
105 310 245
560 188 988
313 739 117
380 478 284
507 55 165
969 427 124
143 1000 859
471 328 69
399 556 329
739 703 617
48 958 164
