4000
199010000 4.3 121197
199710001 4.1 121164
201110002 2 121124
200610003 1.6 121207
199810004 3 121192
199910005 1.5 121188
199710006 2.6 121211
199510007 3.7 121186
201110008 3.8 121143
200910009 1 121134
200410010 4.1 121202
200810011 2.7 121140
199810012 1.9 121205
199910013 3.3 121197
199310014 4.4 121174
199010015 3.9 121207
200210016 1.7 121137
199910017 2.7 121134
200310018 3.3 121200
200510019 2.2 121174
199710020 4.1 121173
200510021 1.7 121203
199810022 3.7 121124
199710023 2.9 121112
201110024 2.6 121188
200410025 2.6 121150
201710026 3.6 121173
200410027 1.1 121172
201410028 3.1 121120
200110029 2.6 121209
199910030 2.9 121168
200810031 1.1 121124
200810032 1.6 121114
199210033 1.3 121192
199810034 1 121196
200010035 2.1 121131
200510036 1.7 121122
199810037 3.3 121166
200310038 2.9 121150
201110039 3.5 121139
200710040 4.3 121130
199010041 3.8 121184
201610042 2.7 121199
200910043 1.9 121209
200810044 4 121119
200410045 1.7 121182
199810046 1.1 121152
201710047 1.9 121207
201710048 4.1 121154
200110049 3.4 121206
199910050 1.7 121119
200610051 1.8 121112
201110052 1.4 121177
200310053 2.3 121196
200610054 4.1 121170
200710055 2.4 121178
199610056 2.2 121132
200110057 4.5 121210
199910058 1.5 121112
200210059 3.4 121113
200610060 3.2 121139
201710061 1.5 121141
200110062 4.1 121137
200210063 2.9 121112
201010064 3.1 121190
200310065 4.1 121179
200510066 2.7 121202
199710067 4.3 121129
199510068 3.5 121180
199310069 2.6 121187
200410070 1.6 121207
199910071 1.9 121141
200310072 1.1 121176
199010073 2.4 121203
200210074 2.7 121135
200310075 3.1 121208
199510076 1.6 121111
201310077 3.4 121133
199610078 1.9 121149
201110079 2.8 121179
199810080 4.1 121138
200510081 4.3 121113
200310082 3.6 121160
199610083 4.1 121165
201210084 2.7 121156
200410085 1.7 121155
201110086 3.8 121192
200510087 1.7 121170
200110088 2.5 121172
200610089 4.1 121143
201010090 2.6 121114
200810091 1.7 121178
199110092 1.1 121192
199110093 1.1 121139
200010094 2.8 121179
200510095 3 121116
201610096 3.4 121116
200810097 2.3 121129
201610098 2 121209
200310099 2.4 121194
200710100 2.5 121155
200210101 1.8 121175
199110102 2.6 121123
199710103 3.8 121121
199110104 1.6 121210
199110105 3.1 121186
199910106 2 121195
199010107 3.3 121142
199810108 2.1 121195
200210109 4.1 121190
200510110 2.7 121131
201510111 2.2 121181
201310112 2.8 121133
199410113 4.2 121139
199210114 1.2 121200
201710115 2 121166
201610116 1.3 121204
199310117 2.7 121122
200910118 3.2 121176
200710119 3.4 121206
199510120 1.4 121116
200110121 3 121113
199610122 1.3 121111
199310123 3.6 121181
199410124 3.3 121131
200010125 1.2 121182
201410126 1.6 121171
199410127 2.8 121131
200110128 3.2 121153
199910129 2.9 121183
199610130 2.2 121132
199010131 4.1 121198
201710132 4 121151
199710133 2.3 121133
199010134 1.8 121124
199210135 3.5 121182
199510136 1.6 121170
199110137 4.1 121205
199010138 4.5 121197
200510139 3.9 121152
200110140 1.3 121200
199010141 1.5 121124
199810142 2.5 121156
199410143 4.4 121203
200510144 2.4 121209
200410145 1.5 121210
201610146 4.5 121173
199610147 1.1 121164
199110148 2.1 121158
201410149 4 121137
201610150 2.4 121126
200910151 3.2 121150
200910152 1.2 121182
201010153 1.1 121159
200010154 3.7 121167
201410155 4.4 121198
200510156 1.9 121139
200410157 1.7 121114
199510158 1.9 121121
200710159 2.3 121164
199610160 1.4 121197
200810161 3.3 121136
199110162 4.1 121201
201710163 3.3 121182
201310164 2 121161
201510165 2.2 121117
200510166 2.2 121125
201410167 2.8 121124
200910168 2.3 121173
200910169 3.2 121154
199410170 3.7 121159
200610171 1.2 121198
200510172 1.9 121150
199710173 1.2 121189
199810174 4.1 121128
199610175 1.6 121180
201010176 1.7 121184
199510177 3.4 121183
199010178 1.6 121182
199210179 3.8 121196
201010180 3.3 121124
199110181 3.2 121114
200810182 3.1 121138
201510183 2.8 121136
199810184 4.4 121202
201510185 3.4 121159
200710186 1.4 121195
200310187 1.2 121177
200110188 3.6 121157
200210189 2.8 121196
200310190 3.5 121201
199610191 3 121178
199810192 3.1 121200
199910193 2.7 121144
199210194 4.3 121153
200310195 1.3 121190
199910196 3 121208
200410197 4.2 121136
200010198 2.2 121119
201510199 1.7 121114
199910200 1.2 121190
199710201 1.2 121143
200210202 2.3 121137
200910203 3.5 121148
200810204 3.1 121195
200910205 2 121116
201610206 3.5 121112
200910207 4.1 121159
200210208 4.1 121126
201610209 3.1 121209
199310210 2.1 121136
201210211 3.9 121112
199810212 4.3 121194
200510213 4.4 121156
200610214 1.1 121178
200410215 1.4 121114
201710216 3.6 121154
199310217 4.4 121151
199910218 3.8 121182
200210219 3.1 121139
200810220 3.2 121160
201010221 2.9 121118
200710222 1 121130
199810223 4.1 121121
199710224 4.3 121131
199110225 4 121141
200210226 4.5 121208
200510227 3.1 121151
201610228 2.5 121171
201710229 3.2 121211
199210230 2.2 121148
200910231 1.8 121144
199010232 2.3 121145
199310233 1.5 121118
199010234 2.3 121176
201210235 2 121172
201110236 3.8 121121
199910237 1.4 121142
199110238 4.2 121200
201510239 3 121138
201310240 2.7 121131
201510241 1.7 121111
199210242 2.1 121194
201110243 2.7 121139
201110244 3.5 121161
201210245 3.5 121204
201010246 2.2 121123
199110247 1.2 121211
200610248 2.7 121154
201010249 3 121141
200510250 3.5 121187
201210251 3.8 121197
201010252 3.1 121189
201510253 1.9 121158
201410254 1.9 121142
201510255 2.1 121117
201310256 2.7 121136
200210257 1.3 121211
199810258 2.5 121170
199210259 1.5 121209
200610260 2.1 121152
199110261 2.6 121176
200810262 1.6 121199
201410263 3.5 121124
199410264 2.1 121120
200210265 2.7 121193
201010266 2.3 121157
199710267 4.3 121208
199810268 3.1 121136
200310269 3.4 121182
201010270 3.7 121202
199810271 1.5 121145
199210272 3.2 121207
201510273 2.8 121142
199610274 1 121170
200110275 2.2 121156
199210276 4.3 121185
199910277 4 121193
199810278 4.3 121198
201710279 1.9 121151
200810280 3.8 121195
199310281 3.1 121209
200810282 3.2 121162
200110283 4.2 121188
199210284 4.1 121205
199110285 2.2 121122
199310286 3.9 121194
200010287 3.6 121139
200010288 2.8 121204
200610289 4 121134
200410290 3 121175
201310291 1 121211
200110292 2.7 121126
201710293 3.4 121211
199710294 2.4 121149
199710295 4.3 121129
199710296 1.2 121211
199510297 1.5 121124
200410298 1.8 121121
200810299 1.4 121161
200610300 3.3 121157
199510301 1.7 121158
201510302 3.5 121159
200910303 2.9 121155
199210304 3.3 121178
200110305 2 121197
200810306 4.1 121192
199610307 3.1 121208
201310308 1.4 121204
200210309 3.2 121119
200410310 1.3 121151
199610311 3.3 121147
200510312 2.1 121180
200510313 4.2 121134
200710314 2.8 121120
199510315 1.4 121118
199810316 1.7 121139
199910317 2 121148
200510318 2.4 121123
200510319 2.3 121118
199010320 1.6 121126
200110321 4.2 121161
201510322 2.7 121207
200410323 1.1 121111
200810324 4 121155
199910325 2.9 121129
200610326 2.4 121149
201610327 2.5 121196
200510328 2 121152
200910329 3.7 121124
201610330 1.1 121167
201310331 2.1 121208
200910332 4.2 121129
200410333 3.1 121112
199110334 1.9 121187
200210335 3 121198
200010336 2.3 121162
199010337 3 121204
201410338 2.7 121116
199710339 2.1 121204
200010340 2.9 121153
201210341 2.8 121173
200810342 2 121148
199610343 3.7 121117
199010344 1.3 121145
200910345 3.1 121192
201210346 2.1 121164
201010347 2.8 121195
200410348 4.4 121171
200310349 1.2 121143
200810350 2.5 121160
200410351 2.7 121165
199010352 3.8 121165
200110353 4 121149
201010354 2.6 121186
199610355 1.1 121139
199510356 3.7 121211
201510357 2.3 121167
199310358 1 121180
199910359 3.7 121169
199810360 1.3 121117
199110361 2.7 121119
201110362 3.8 121151
200810363 3.4 121167
200710364 1.1 121130
200810365 4.4 121184
201510366 2.8 121151
200310367 1 121127
199410368 4.2 121173
200210369 2.7 121152
200710370 1.6 121114
200210371 4.4 121192
200410372 2.8 121150
201610373 2.5 121179
200110374 1.1 121173
199410375 3.7 121140
200110376 2.8 121112
201610377 2.5 121140
200010378 1 121125
201310379 2 121197
200410380 1.6 121185
199610381 1.1 121195
201510382 3.8 121160
201410383 1.2 121137
199610384 2 121180
199810385 3.4 121120
200010386 2.3 121163
199010387 3.9 121178
201210388 3 121207
201110389 3 121173
200510390 2.5 121117
200410391 2.7 121174
199110392 4.4 121183
200610393 1.4 121125
200210394 2.2 121150
201610395 4.3 121160
199410396 2.5 121114
200010397 2.9 121179
200810398 3.9 121181
199410399 3.5 121131
199910400 4.4 121162
201010401 1.7 121125
199610402 3.1 121177
200410403 1.9 121200
200510404 2.3 121174
200410405 3.3 121138
200710406 2 121123
199210407 1.8 121126
199610408 2.6 121131
199210409 1.2 121139
200210410 2.9 121158
200210411 2.9 121142
200110412 3 121132
199410413 3.5 121136
199310414 3 121122
200210415 2.6 121124
200010416 1.3 121156
199510417 3.2 121178
200110418 2 121150
201410419 2.8 121175
200810420 2.6 121134
199610421 4.2 121144
199510422 3.9 121119
199610423 2 121178
201310424 1.7 121113
199910425 2.7 121183
199010426 3.5 121208
201410427 3.6 121167
201410428 2.4 121162
200910429 2.3 121211
200210430 1.6 121144
200910431 1.3 121186
199710432 3.2 121210
200210433 1.7 121177
200610434 2.5 121162
201210435 1.7 121128
199010436 2.3 121125
199510437 4.4 121179
199310438 2.9 121180
201210439 1.8 121137
199810440 1.8 121132
199210441 1.3 121142
201510442 1.9 121113
199710443 2.1 121154
201410444 4 121184
201510445 4.1 121138
199610446 3 121169
199310447 4.4 121154
199810448 2.7 121155
199710449 3.6 121204
200910450 1.9 121193
199810451 1.3 121131
200310452 3.1 121202
200610453 3.7 121143
201310454 3 121203
199110455 4 121144
200310456 1.1 121117
201110457 2.4 121205
199810458 4.1 121117
200710459 1.2 121126
199510460 4.3 121164
200310461 3 121131
201610462 3 121201
200410463 2.2 121121
201610464 3.1 121115
199110465 4.3 121125
201610466 1.1 121173
200510467 2.3 121181
199510468 2.3 121205
199110469 3.1 121122
200010470 1.4 121211
200210471 2.9 121193
200510472 3.9 121158
200910473 2.2 121148
201010474 2.3 121173
200810475 2.9 121204
199110476 2.3 121197
201410477 1.8 121155
199610478 1.5 121201
200310479 2.6 121118
199910480 2.6 121193
200210481 4.4 121168
201710482 1.5 121204
200610483 3.2 121152
199410484 4.2 121117
201510485 2.6 121189
200010486 4.5 121168
199510487 1.6 121155
199510488 1.6 121162
201310489 4.1 121126
200410490 2.6 121170
201610491 4.2 121174
200010492 1.2 121117
201610493 3 121151
199310494 2.5 121159
199210495 4 121156
199410496 3.7 121173
199410497 4.2 121127
199310498 1.2 121211
201610499 4.2 121205
199810500 3.6 121129
200310501 3.7 121203
201710502 3.2 121198
201010503 2.4 121120
199310504 1.4 121192
200010505 1.9 121186
201510506 4.1 121207
199310507 3.1 121166
199610508 1.3 121155
200510509 1.9 121194
201210510 4.3 121132
200810511 2.7 121187
200210512 2.8 121111
200710513 3.9 121128
201610514 1.9 121180
199310515 4.1 121211
201310516 2.8 121115
201610517 2.5 121118
201510518 2.3 121171
200910519 1.7 121187
201310520 1.2 121115
201210521 3.3 121123
199610522 1.6 121203
201610523 3.1 121126
199210524 2.8 121121
199110525 1.7 121207
201210526 4.1 121173
199210527 1.2 121135
201410528 2.3 121120
200610529 2.5 121122
199410530 2.2 121149
201010531 2.7 121152
201410532 1.1 121178
199610533 1 121187
201010534 1.9 121181
201210535 4.3 121127
199010536 1.2 121125
199510537 2.9 121131
199710538 4.2 121166
200110539 1.5 121155
201510540 1.6 121124
200910541 2 121116
201510542 2 121200
200610543 4 121120
199810544 2.4 121200
200410545 2.9 121165
199210546 3.1 121211
199610547 2 121118
200210548 3.2 121146
199010549 2.5 121200
200710550 2.9 121209
199810551 3.3 121121
199210552 3.6 121174
199410553 4.3 121135
201510554 3.2 121130
200410555 1.9 121160
201610556 3.6 121160
200310557 1.6 121186
199410558 2.4 121209
200910559 2.5 121144
200310560 3.5 121193
201410561 4.2 121130
201110562 4.3 121133
201310563 3.6 121202
199310564 1.9 121167
199010565 3.2 121185
201010566 4 121131
199910567 2.4 121143
200210568 4.1 121185
200710569 4.3 121188
200710570 3.7 121202
201710571 3.8 121116
199510572 1.9 121190
200110573 2.9 121209
199410574 1.6 121142
200910575 1 121165
201710576 3.6 121134
201610577 3.4 121121
199610578 2.4 121159
201610579 3.5 121157
201510580 4.2 121183
200810581 3.6 121203
200710582 4.4 121138
201310583 1.2 121167
199610584 2.3 121125
201710585 4.5 121207
199110586 4.2 121186
200710587 2.5 121147
200910588 3 121141
199810589 4.2 121175
200410590 2.8 121170
199910591 1.3 121164
200110592 3.2 121177
199710593 1.8 121177
199610594 2.8 121174
199210595 1.9 121174
200310596 1.2 121126
200010597 3.4 121114
199410598 1.7 121188
200610599 3.6 121153
199210600 3.4 121163
201210601 2.9 121147
200410602 4.3 121144
199810603 3.3 121170
199610604 3.5 121133
201110605 2.9 121111
200010606 2.6 121162
201110607 3.9 121202
200010608 3.8 121140
201410609 2.9 121141
199610610 2.6 121170
201410611 1.8 121177
199010612 1.5 121168
200910613 1.3 121154
200710614 3 121163
199710615 3.2 121192
201710616 4.2 121127
200410617 3.2 121144
201410618 3.5 121171
200710619 3.5 121142
200510620 4.2 121183
200510621 3.8 121204
201510622 1.7 121193
199210623 2.6 121124
200710624 2.2 121211
200610625 3.9 121199
199610626 1.7 121126
200610627 3.9 121194
199710628 1.5 121141
201310629 2 121111
199610630 4.4 121152
201610631 2.2 121135
201010632 2.7 121111
199810633 3.2 121125
200510634 3.2 121164
199710635 3.3 121183
200110636 2.7 121137
199810637 3.8 121140
200910638 4.4 121205
200010639 1.9 121170
200410640 1.7 121123
201310641 2 121208
200910642 1.1 121199
200810643 2.5 121174
201110644 2.9 121117
200210645 3.6 121139
201710646 1.3 121194
199810647 2.7 121162
201710648 3.4 121163
201210649 2.6 121201
199710650 3.5 121120
199410651 1.2 121203
200210652 3.8 121205
200010653 1.3 121142
199210654 2.6 121180
199210655 1 121137
201310656 1.3 121123
201310657 4.1 121152
201710658 2.6 121163
200310659 2 121156
200210660 1.8 121131
199010661 3.7 121201
199310662 1.9 121190
201610663 4.2 121169
200810664 3.4 121152
200810665 1.5 121135
200010666 4.3 121124
199510667 3.4 121132
201210668 3.6 121147
200710669 2 121145
201510670 3.9 121174
201310671 4.1 121119
199710672 3.2 121164
199710673 1.4 121141
199310674 3 121190
201110675 2.1 121165
200210676 2.7 121138
200310677 3.6 121194
201510678 4.3 121175
201610679 2.2 121209
200210680 3.3 121179
200410681 3.9 121194
199110682 3.6 121185
200410683 2.1 121138
199010684 2.6 121163
200710685 1.6 121131
200710686 3.2 121204
201210687 1.3 121147
200410688 3.8 121117
201610689 1.2 121153
201010690 1.7 121148
201610691 3.9 121185
200310692 2.4 121150
201210693 2.7 121139
201710694 1.2 121119
201410695 2.2 121188
199310696 1.8 121182
201010697 2.6 121178
200710698 4.2 121149
200410699 3.2 121145
199610700 3.1 121205
201310701 3.8 121196
200310702 4.2 121183
199410703 2 121142
201710704 1.9 121168
201310705 4.4 121211
201410706 2.2 121128
200710707 1.8 121152
201610708 2.7 121156
199510709 2.1 121116
201110710 1.9 121189
199510711 3.2 121118
200710712 2.7 121208
199110713 3.6 121138
200910714 3.1 121159
199910715 3.6 121164
199410716 2.2 121197
199810717 1.4 121120
201610718 4.1 121121
199410719 4.1 121119
199410720 1.3 121132
201010721 1.5 121115
200910722 1.5 121152
201710723 1.1 121186
201210724 1.5 121160
200510725 3.5 121112
200410726 3.6 121147
200410727 4.4 121200
201710728 1.4 121211
200610729 1.8 121186
201510730 1.4 121143
200110731 2.2 121202
199610732 3.7 121167
200710733 4.1 121188
201510734 4.3 121137
199910735 4.4 121132
201510736 3.4 121156
201410737 3 121120
199710738 3 121177
199610739 1.1 121129
200210740 4.2 121152
200910741 1.4 121111
200910742 3.6 121179
199210743 1.5 121202
200910744 2.8 121129
201710745 1.7 121152
201410746 3.7 121203
199810747 2.3 121162
199710748 3 121124
199310749 4.3 121207
200510750 2 121160
199810751 1.6 121190
200510752 2.7 121136
200410753 1.9 121190
199510754 4.1 121129
201110755 3.6 121210
199810756 4 121121
201310757 4.4 121175
199510758 3.5 121130
199510759 2.9 121175
200110760 4.4 121111
200910761 1.5 121135
199910762 1.4 121191
199410763 4.3 121162
200410764 3.8 121144
199610765 1.6 121211
200410766 3.3 121175
200110767 4.3 121155
200810768 1.1 121167
201010769 3 121193
199410770 2.8 121211
201210771 2.2 121151
199610772 1.1 121166
199110773 1.1 121203
200210774 2.2 121121
201710775 1.9 121139
200910776 2.9 121119
199910777 4.3 121186
201210778 4.4 121204
200810779 1.5 121195
200710780 3 121165
200110781 2.5 121147
199410782 2.2 121125
199510783 1.8 121136
201410784 2.7 121210
201010785 3.7 121121
200210786 2.2 121169
199810787 3.3 121127
200810788 1.6 121204
200210789 2.9 121129
200110790 1.4 121175
200010791 2 121192
201010792 3.7 121203
200010793 4.2 121148
199410794 4.1 121168
200210795 1.7 121194
199810796 2.1 121173
200710797 1.1 121142
201210798 1.3 121177
200710799 2.8 121200
200310800 1.5 121179
200310801 1.6 121205
199510802 3.4 121158
200210803 1.5 121173
201410804 3.7 121119
199910805 3.6 121208
201110806 1.6 121119
199310807 3.6 121138
200810808 2.9 121190
200510809 1.1 121133
200310810 3.8 121173
201610811 4.4 121134
201010812 1.1 121199
200510813 4.2 121208
200210814 3.7 121198
200210815 2.6 121192
201510816 2 121165
199810817 3.2 121133
199910818 3.4 121122
199510819 4.1 121207
199610820 4.4 121198
200210821 2.7 121124
201410822 1.5 121199
201010823 1.5 121188
199310824 3.2 121138
199510825 1.8 121167
201210826 4.1 121143
201410827 2.4 121116
201210828 2.9 121177
201010829 3.6 121131
201710830 3.9 121163
199410831 1.9 121197
199610832 1.2 121125
200310833 2.9 121112
201210834 1.2 121187
199010835 2.8 121160
200510836 4.3 121127
200510837 1.5 121189
201610838 1.9 121160
201210839 4.1 121157
200110840 2.3 121178
201510841 3.8 121162
199910842 3.4 121168
200810843 2.2 121193
201210844 1.5 121115
201510845 2.5 121209
200310846 1.9 121186
199110847 1.5 121124
199510848 2.1 121207
200210849 3.4 121209
199910850 3.7 121140
201510851 3.9 121159
200310852 2.6 121164
200810853 2.4 121195
201110854 3 121201
199110855 1.7 121208
200210856 2.7 121182
199710857 2.3 121143
200310858 3 121194
199610859 2.2 121143
200210860 1.4 121121
199710861 4.4 121161
201610862 2.1 121116
200910863 3.3 121143
199010864 2.5 121143
200010865 2.4 121137
201510866 3.4 121118
199010867 3.2 121165
199810868 2.6 121183
200710869 3.9 121159
199810870 1.9 121208
201210871 1.9 121202
199710872 2.9 121156
200810873 1.7 121161
199410874 1.5 121172
200210875 3.7 121133
200110876 4.5 121161
199910877 3.5 121154
200910878 1.2 121161
200710879 2.2 121119
199510880 1.3 121129
199210881 3.6 121176
200010882 3.9 121136
199610883 1.9 121141
200810884 1.4 121196
199110885 2.1 121204
200910886 2.3 121127
199110887 3.3 121175
199510888 1.8 121180
201310889 3.2 121170
201510890 1.2 121132
199310891 3.6 121136
201310892 3.7 121168
200910893 3.4 121166
200110894 2.3 121144
199810895 1.8 121175
199710896 1.1 121189
201210897 2.2 121122
199510898 1.4 121128
200410899 1.5 121191
199110900 2.8 121154
199610901 2.4 121129
201310902 1 121190
200010903 2.8 121209
199310904 4.3 121179
199710905 2.7 121130
200510906 1.8 121132
200610907 4.1 121174
201610908 1.9 121138
200410909 2.8 121116
200310910 2.5 121184
200310911 2.3 121204
200510912 3.4 121125
200210913 2.5 121123
200110914 3.3 121113
200010915 3.9 121144
199810916 4.3 121193
199410917 4.5 121210
201610918 3.1 121115
199510919 3.4 121115
200710920 2.8 121183
199410921 2.4 121191
201210922 4.1 121127
201710923 2.1 121177
200910924 3.2 121117
199910925 3 121127
201010926 4.2 121206
200210927 3.2 121190
201410928 2.3 121114
199810929 4 121175
200610930 3.2 121162
201110931 1.9 121181
199110932 1.2 121199
200810933 2.5 121154
201210934 4.4 121170
199510935 2.5 121194
201610936 3.5 121147
201610937 1.5 121152
200910938 1 121177
199610939 1.8 121140
199410940 1.8 121151
199910941 2.2 121111
201010942 1.7 121134
199910943 1.3 121163
201710944 1.5 121120
199510945 1.5 121121
201110946 4.3 121191
199710947 2.5 121128
200210948 1.9 121119
199510949 1 121129
201310950 3 121211
199610951 3.8 121169
200710952 4.3 121202
200310953 3.1 121193
199710954 2.4 121118
201510955 1.8 121139
201210956 4.4 121142
200610957 3.7 121136
201310958 4.4 121141
201210959 3.9 121154
199310960 3.4 121125
200310961 4 121134
200610962 3.6 121153
201510963 2 121211
200610964 2.7 121118
199310965 4.3 121155
200810966 4.4 121188
200110967 3.5 121183
201010968 1.4 121145
201610969 4.3 121116
201610970 2.6 121178
201110971 2.3 121171
199610972 3.1 121166
200010973 2.2 121117
201310974 1.5 121141
200810975 3.5 121192
199110976 2.2 121145
201710977 1.7 121176
200310978 1.3 121205
201610979 2.7 121154
200110980 3.7 121169
199310981 3.7 121208
200510982 3.3 121198
200510983 3.7 121198
201110984 1.5 121132
201610985 3.5 121142
199910986 3.4 121142
201510987 3.3 121128
199310988 3.8 121155
200610989 2.4 121127
200610990 2.9 121201
201410991 1.4 121122
200010992 2.3 121151
199810993 2.2 121146
200610994 3 121159
200810995 2 121143
201510996 2.3 121211
201110997 3.8 121180
199710998 3.3 121178
200110999 1.7 121138
199811000 4 121118
200611001 4.1 121192
200311002 3.8 121151
201211003 4.1 121136
200411004 2.7 121138
201511005 3.4 121122
199111006 1.9 121159
200111007 3.4 121146
200311008 2.1 121164
200811009 2 121193
200211010 2.8 121170
199811011 2.6 121129
200111012 1.3 121143
201311013 1.9 121116
201611014 1.7 121129
200411015 3.3 121157
199911016 3.3 121116
201311017 3.2 121186
200311018 1.5 121205
200911019 3.2 121168
201411020 3.9 121187
199811021 4.3 121208
200611022 1.7 121197
200411023 3.3 121152
201611024 4.4 121188
200511025 3.2 121165
200211026 2.8 121117
201311027 3.9 121158
201611028 2.9 121189
200611029 1.8 121202
199311030 3.5 121185
199711031 2.8 121121
200311032 4.3 121195
200011033 2.4 121126
199311034 3.1 121205
200811035 4.2 121132
200511036 1.6 121165
200011037 1 121210
200711038 1.6 121115
200111039 1.9 121211
199511040 1.8 121144
199511041 1 121125
199511042 1.3 121182
199911043 2.9 121123
200111044 4.3 121174
200411045 3.5 121175
201411046 1.1 121147
199711047 1.6 121123
201711048 2.8 121170
200211049 2.3 121133
200211050 3.4 121164
199311051 3.9 121193
200511052 1.4 121140
201611053 2.7 121182
201211054 4.2 121211
199711055 4.3 121181
199011056 4 121174
200111057 1.6 121115
199711058 1.8 121115
200111059 2.6 121113
199111060 2.1 121134
200511061 1.6 121152
199711062 2.8 121192
199411063 2.6 121151
201511064 3.9 121154
201711065 3.8 121186
200811066 3.9 121144
199811067 4.2 121160
200511068 3.2 121154
199011069 1.6 121195
200711070 3.7 121165
201211071 3.9 121113
200411072 1.6 121185
201211073 1.4 121204
199211074 2.1 121135
199811075 3.6 121193
201611076 1 121190
199011077 1.9 121161
199911078 2.4 121205
199411079 3.4 121204
199411080 2.9 121180
200511081 1.6 121120
200211082 2.6 121156
200611083 4.4 121117
199611084 3.2 121179
199011085 2 121157
200411086 3.9 121200
200111087 1.1 121152
200511088 1.8 121193
201511089 4 121209
199511090 2.8 121114
200811091 1.1 121126
200311092 3.1 121140
199711093 4.4 121130
199211094 3 121204
201311095 4.4 121195
199711096 3.7 121135
200411097 3.5 121196
200411098 3.5 121132
201411099 2.9 121166
201011100 4.5 121210
199311101 2.9 121122
201511102 3.5 121148
200411103 2.3 121151
200311104 4.1 121178
200811105 2.5 121200
199611106 3.9 121171
199311107 1.2 121125
200211108 3.3 121178
199011109 1.1 121186
201611110 1.1 121151
201711111 2.9 121148
200411112 1.8 121171
200311113 2.8 121128
201211114 2.9 121138
199111115 4.5 121127
201211116 2.4 121187
199911117 1.1 121181
201411118 1.6 121113
199111119 1.3 121121
201411120 3.6 121180
199411121 3.1 121137
200511122 3.4 121112
201611123 2.5 121117
201311124 3.4 121122
201311125 3.3 121160
199411126 3.9 121203
199711127 3 121168
199511128 1 121185
199011129 1.9 121188
201011130 3.6 121130
201311131 4.2 121190
201311132 2.4 121111
200011133 2.9 121130
201611134 1.7 121205
200411135 1.2 121184
199911136 4.4 121121
201011137 2.1 121209
199911138 2.1 121141
199311139 2.8 121159
199711140 3.6 121135
200611141 1.3 121191
200211142 4.4 121134
199511143 3.4 121209
201711144 3.6 121182
199811145 3.4 121150
201411146 1.7 121132
200311147 2.4 121156
199611148 4.2 121190
201111149 3.4 121182
199311150 1 121191
199511151 4 121160
201611152 3.7 121201
200911153 3.8 121158
199811154 1.9 121198
201611155 1.5 121180
200511156 1.7 121204
199511157 2.9 121145
201311158 2.9 121149
199411159 2.4 121192
200211160 1.4 121186
201711161 2.8 121190
200011162 4.2 121123
201311163 4.5 121175
199011164 4.4 121183
201511165 2.8 121132
200411166 3.1 121134
199611167 2.2 121191
201111168 3.5 121115
201111169 4.2 121195
199011170 2.5 121158
201311171 3.5 121156
199811172 2.5 121198
200111173 3.6 121118
200211174 3.9 121164
200211175 2.1 121146
199411176 1.9 121170
200111177 3.2 121208
200611178 2.9 121116
199711179 4.2 121133
201511180 3.4 121119
201411181 1.1 121136
200511182 2.4 121182
201511183 1 121202
200911184 2.2 121183
199911185 2.9 121207
200011186 1.1 121170
201411187 1.3 121182
201211188 3.7 121209
199511189 2.7 121204
200811190 4.4 121163
200811191 3.5 121205
201511192 2.5 121198
199211193 2.3 121155
201711194 4.1 121205
200911195 3.2 121185
200111196 2.2 121149
200911197 1.3 121126
200311198 1.3 121147
200311199 4.1 121190
199211200 4.5 121157
200511201 1.7 121200
200111202 2 121199
201411203 3.5 121123
199711204 1.3 121115
199511205 3.6 121177
199111206 3.9 121158
200411207 1.5 121192
199311208 1.8 121161
199611209 4.4 121170
200011210 3.6 121187
200511211 2.1 121117
199211212 3.5 121211
199811213 1.4 121156
201611214 3.1 121132
199311215 2 121188
199511216 1.3 121152
200111217 3.8 121153
199311218 2.9 121184
200311219 3 121211
200111220 2.7 121177
201511221 4 121180
200111222 1.9 121175
200911223 4.4 121205
201211224 1.8 121190
199711225 2.5 121208
201011226 3 121117
200011227 4 121187
199511228 4 121161
200211229 2.6 121198
199911230 2 121180
200311231 1.5 121159
201511232 2.2 121200
200511233 1.9 121189
199711234 3.7 121132
201611235 1.7 121152
200111236 1.9 121175
200511237 4.5 121195
200711238 1.1 121135
199011239 2.6 121180
200611240 1.2 121119
199011241 3.7 121151
201611242 4 121130
199611243 4.5 121121
200211244 1.9 121113
201611245 1.5 121198
201211246 4.3 121195
200711247 1.5 121210
199711248 2 121204
200911249 2.6 121204
199211250 2.1 121202
199711251 3.9 121154
200111252 2.9 121207
200511253 3.9 121185
199911254 3.5 121146
199311255 3.4 121145
199711256 1.2 121129
200311257 3.8 121165
199411258 2.5 121114
200611259 2.3 121198
201411260 2.5 121206
199011261 1.1 121202
200311262 4.3 121188
199311263 3.9 121138
200511264 4 121160
199511265 4.1 121119
200911266 3.5 121198
201311267 1.8 121173
200711268 3.5 121126
199911269 3.6 121155
201311270 3 121188
199811271 3.3 121182
200011272 3.5 121144
201111273 3.8 121151
200111274 1.7 121134
201711275 1.7 121124
200111276 2.3 121196
201511277 2.8 121112
199211278 2.3 121130
201611279 1.5 121189
199711280 3.6 121160
201111281 3.4 121148
200311282 2.3 121179
200811283 2.7 121117
200611284 3.5 121171
199111285 1.1 121198
199411286 3 121203
199111287 1.7 121182
201411288 4.2 121193
200711289 2.8 121190
200611290 1.8 121136
200211291 2.1 121123
200211292 4 121197
199811293 2.5 121163
199411294 1.6 121157
201611295 1.2 121115
201211296 2.2 121113
200411297 3.6 121118
199811298 1.9 121150
201311299 4.2 121196
201111300 2.4 121131
200311301 4.3 121149
200211302 3.1 121154
201511303 2.5 121115
201211304 1.1 121128
200011305 2.5 121163
199811306 1.2 121159
200411307 2.6 121115
199611308 3.1 121132
199711309 3.9 121120
199311310 3.6 121134
201711311 2.7 121208
201611312 3.5 121181
200411313 3.2 121189
200111314 2.8 121172
199911315 1.9 121198
199911316 3.1 121184
201111317 3.5 121148
199811318 2.1 121149
199611319 1.8 121194
200911320 3.6 121130
199311321 3.7 121183
201611322 2.4 121205
200711323 2.8 121143
201411324 3.9 121165
200811325 2.2 121140
199211326 4.3 121187
200611327 3.9 121211
200311328 3.5 121201
199311329 3.2 121185
200511330 3.6 121163
199811331 2.2 121184
200411332 2.8 121198
199511333 3.3 121181
200411334 1.3 121116
201111335 1.5 121153
199611336 1.3 121147
201011337 4.4 121146
200211338 3.4 121118
201711339 4.2 121118
200111340 3.3 121199
199211341 3.1 121126
199311342 3.9 121114
199611343 3.7 121142
200111344 3.8 121197
200211345 3.1 121148
201311346 3.4 121156
199211347 4.1 121171
200211348 1.7 121112
201111349 3.1 121181
199911350 1.6 121192
201511351 1.8 121119
201511352 1.4 121138
201711353 4 121153
201711354 1.5 121175
199311355 1.8 121155
200411356 2.9 121140
200811357 2 121143
199411358 2.2 121123
199611359 2.4 121125
199111360 1.9 121171
200811361 3 121196
199311362 2.6 121207
201511363 2.7 121200
199911364 3.2 121185
200011365 2 121184
201511366 1.6 121147
200211367 3.7 121197
199211368 3.1 121198
199711369 1.7 121186
201211370 1 121179
199411371 1.4 121156
199011372 2.1 121184
199411373 2.1 121139
200911374 3.7 121208
200611375 2.8 121111
199311376 3.8 121186
199411377 1.7 121148
201511378 1.2 121185
200311379 1.2 121204
200611380 1.6 121140
199911381 3.1 121131
200711382 1.2 121184
199211383 2.1 121205
200111384 3.6 121197
200711385 2.2 121189
201511386 2.9 121125
201711387 3.1 121121
200711388 2.3 121204
201111389 2.8 121125
199411390 4.1 121178
201711391 3.3 121201
199711392 2.4 121206
199111393 1.5 121118
199811394 1.5 121171
199711395 1.7 121141
201711396 3.2 121210
199111397 2.9 121192
201711398 2.9 121166
199611399 2.5 121136
199211400 3.6 121113
199711401 3.7 121147
200011402 1.5 121117
200111403 1.4 121175
200011404 1.7 121141
200411405 2.6 121211
200411406 2.7 121150
201611407 2.4 121123
200111408 2.5 121137
199711409 3.6 121143
199911410 2.1 121162
199811411 2.8 121159
200311412 3.8 121141
200211413 1.7 121112
200211414 2.2 121204
200411415 3.4 121135
199911416 3.9 121121
199711417 4.2 121157
201211418 2 121135
200111419 2.1 121158
200311420 2.6 121151
199611421 3 121208
199311422 3.4 121206
199511423 1.1 121166
199011424 3.1 121146
201311425 3.6 121180
199611426 1.1 121144
200211427 4.5 121132
201411428 2.1 121190
201511429 2.5 121187
199411430 4.3 121118
200311431 4.2 121179
200311432 3.9 121192
200011433 4.3 121208
200211434 4.3 121175
199511435 4.3 121142
199811436 1.8 121179
199511437 3.6 121180
201211438 3.3 121189
199011439 2.6 121205
199511440 4 121136
201711441 4.4 121132
200111442 4.5 121124
200411443 2.5 121146
200611444 1.8 121180
200411445 4.5 121170
201411446 3.1 121208
199011447 2.2 121143
199811448 3.3 121137
200511449 3.1 121210
201011450 3.4 121167
199411451 3.4 121120
199611452 1.8 121173
200111453 2.6 121147
200411454 4.4 121119
201611455 1.3 121203
200611456 2.5 121113
199211457 2.7 121172
199311458 2.5 121204
199811459 2.9 121140
199211460 3.9 121188
200711461 4.1 121139
201411462 1.6 121197
200111463 2.7 121188
200811464 1.9 121209
201711465 3.1 121175
201611466 3.5 121160
201511467 3.6 121159
199511468 3.8 121145
200011469 4.1 121178
200311470 3 121149
201711471 2.9 121211
200611472 3.6 121186
200311473 3.5 121155
199611474 2.6 121141
199611475 4.5 121129
200911476 2.1 121118
201611477 2.3 121124
200311478 4.1 121120
200211479 2.9 121160
201011480 2.6 121162
201511481 4.3 121134
199911482 4 121190
199411483 2 121171
201111484 1.1 121159
200711485 4.4 121113
201511486 3.4 121114
201311487 1.3 121121
201511488 1.1 121174
199411489 3.6 121133
199711490 1.4 121112
199611491 3.4 121158
199911492 2.6 121129
199711493 1.3 121145
201111494 4.3 121118
199811495 3.5 121191
200511496 3 121165
201511497 1.3 121180
199811498 3.8 121175
200811499 1.1 121173
201311500 1.8 121199
199511501 1.9 121199
201211502 2.4 121113
201211503 3.1 121120
201111504 1.7 121146
199911505 4.3 121155
201611506 2.9 121189
199211507 4.2 121118
199011508 3.1 121156
199211509 3.8 121157
199911510 2.8 121191
200311511 3.9 121157
200811512 3.5 121125
201211513 2.3 121178
200611514 2.5 121207
199211515 1.6 121116
200911516 2.1 121198
200011517 2.6 121166
200511518 4.3 121124
201711519 2 121113
199911520 3.4 121137
201511521 4.1 121204
201211522 3.2 121147
199411523 2.5 121121
200111524 3.6 121114
199711525 1.8 121187
200711526 2.1 121188
200511527 1.1 121192
201111528 3.6 121111
199811529 2.2 121167
199211530 3.7 121160
201011531 3 121132
200111532 4.4 121168
200611533 4 121179
201711534 4.2 121167
201511535 2.3 121173
200211536 4.1 121152
200511537 1.7 121168
199111538 2.5 121173
200011539 2.2 121129
199111540 2.2 121140
199411541 1.6 121196
200311542 3.1 121160
200411543 3.4 121141
199011544 3.4 121173
201511545 4.3 121173
201511546 1.4 121151
201411547 1.7 121147
200111548 3.7 121179
199911549 4 121151
200011550 1 121178
200611551 2.4 121171
201211552 2.7 121134
199911553 1.3 121202
200011554 4.2 121128
199811555 1.5 121126
200211556 2.3 121193
200411557 3 121142
200311558 3.3 121161
199511559 1.1 121188
200611560 1.6 121177
199911561 2.8 121155
200011562 3.8 121142
199311563 2 121191
201211564 1.1 121141
200111565 1.4 121127
199911566 4.2 121118
199111567 1.5 121201
200011568 1.6 121164
201411569 3.1 121164
199311570 1.6 121183
199211571 2.2 121189
200311572 1.3 121210
199411573 4.1 121205
201211574 3.8 121138
201611575 4.3 121115
199211576 2.5 121145
200011577 4.3 121139
199611578 2.8 121165
200711579 2.4 121123
199611580 1.2 121143
201311581 4.5 121137
201411582 1.8 121184
200611583 1.1 121158
201311584 3.9 121200
199911585 1.1 121169
199611586 3.2 121126
200411587 1.8 121206
200011588 3.6 121167
201511589 3.1 121144
199611590 3.3 121203
199911591 1.7 121198
199111592 2.5 121142
201011593 3.6 121183
201111594 2.6 121149
201011595 2 121126
199711596 2.9 121130
200711597 2.6 121189
200411598 1.3 121211
199511599 3.4 121180
200211600 2.9 121157
201311601 3.4 121182
199011602 1.4 121191
199111603 3.7 121150
200511604 2.9 121150
199711605 1.7 121152
199411606 2.9 121161
201711607 1.6 121198
199011608 2.5 121199
201111609 2 121210
199511610 3.1 121161
200611611 2.2 121140
200511612 2.1 121194
199411613 2.2 121113
200611614 2.4 121196
199211615 2.7 121185
199211616 4.3 121183
199311617 4 121133
199411618 3.8 121154
200911619 3.8 121205
199311620 1.1 121179
199211621 3.3 121199
201011622 4.4 121178
199411623 1.2 121172
199511624 3.8 121120
199711625 1.7 121148
201311626 4.2 121134
200811627 4.1 121115
201211628 3.7 121134
201411629 1 121150
199611630 1.5 121210
199311631 4.4 121114
201011632 2.9 121123
199211633 4.4 121204
201311634 1.2 121140
199011635 4.2 121128
199511636 3.6 121159
200611637 3.7 121167
201411638 4.2 121194
199711639 3.6 121204
200911640 1.2 121170
200611641 2.9 121187
201011642 3.6 121144
199911643 1.9 121127
199611644 1.6 121146
199711645 2.5 121119
199811646 1.3 121170
199511647 2.9 121155
201711648 1.1 121154
199411649 1.4 121191
199411650 3.9 121177
200911651 3.1 121161
200611652 4.1 121172
199811653 4.5 121184
199411654 3.8 121188
200811655 1.4 121191
199711656 3.3 121203
201611657 1.7 121122
199811658 1.9 121197
201111659 2.1 121128
200711660 3.8 121170
200111661 2.6 121156
201211662 3.2 121118
200811663 1.4 121171
201111664 3.6 121188
200611665 4.3 121112
199511666 3.6 121115
199211667 4.3 121111
200411668 3.8 121132
199511669 3 121123
200911670 1.9 121160
199611671 1.2 121126
199211672 3.9 121130
199411673 2.4 121186
199411674 1.5 121171
200511675 3 121202
201511676 2 121176
200511677 4.4 121188
201511678 3.1 121185
199411679 3.6 121149
201511680 4.4 121147
199711681 2.3 121183
201011682 4.3 121182
199011683 3.2 121195
201611684 4.1 121178
200811685 2.7 121204
201611686 1.7 121164
200611687 2.8 121125
200411688 2.3 121198
200411689 3.5 121142
200111690 3.6 121127
201511691 4.4 121148
199511692 2.4 121151
201111693 3.1 121132
201111694 4.5 121136
201611695 3.4 121123
200211696 1.5 121114
200611697 2.5 121179
199311698 4.5 121199
201311699 4 121190
199011700 4.2 121135
199211701 3.1 121126
201711702 3.6 121195
201311703 1.5 121186
199711704 4.4 121192
199711705 4.1 121126
200911706 2.3 121202
199911707 2.4 121134
201211708 2.3 121131
201211709 3 121139
199711710 1.5 121168
199311711 2.5 121168
201111712 2.2 121199
199811713 2.8 121190
200711714 2.4 121121
199311715 3.2 121177
199011716 3.3 121120
199611717 2.6 121112
200711718 2.5 121184
200411719 3.7 121111
200211720 1.8 121148
199511721 1.7 121171
199911722 2.2 121132
200611723 3.5 121177
201711724 1.2 121122
200311725 3.2 121190
201311726 3.7 121125
201511727 4.2 121173
201211728 3.9 121149
199811729 3.9 121162
200011730 1.6 121151
200711731 1.7 121146
200511732 2.9 121189
201011733 2 121188
199111734 3.6 121135
199211735 3.8 121203
199511736 4.3 121208
200011737 2 121167
200111738 3.4 121171
201611739 2.7 121182
201411740 3.3 121183
201611741 2.1 121186
201411742 3 121192
199811743 3.9 121173
199011744 2.7 121140
200111745 3.7 121184
199611746 2.5 121204
199111747 2.7 121209
200311748 2.8 121167
200811749 2.9 121172
201211750 4.5 121169
201611751 2.2 121204
201611752 2.4 121132
199911753 2 121177
200111754 1.4 121172
200811755 3.7 121194
200711756 3.7 121154
199211757 4.4 121176
199411758 1.7 121162
199311759 1.9 121147
199311760 4.1 121130
199811761 3.7 121176
199211762 2.1 121190
200211763 2.8 121112
199211764 3.1 121163
200411765 4.1 121203
199611766 4.2 121139
201511767 3.2 121174
201411768 3.4 121168
201611769 1.8 121154
200811770 3.4 121168
199311771 3 121146
199111772 1.3 121181
201311773 2.9 121182
201111774 2.4 121203
200911775 2.1 121198
200711776 2.5 121196
200411777 1.3 121211
199811778 1 121163
199111779 4.5 121125
199311780 4 121111
201511781 3 121186
200211782 4.4 121191
201011783 3.2 121203
201111784 3.7 121182
201511785 2.6 121199
200011786 2.7 121123
200311787 4.3 121130
199111788 2.2 121177
201211789 1.4 121138
199411790 4 121115
200911791 4 121149
199511792 2.3 121204
199011793 4 121155
200711794 1.1 121179
201411795 3.3 121158
199311796 2.9 121125
199311797 3.9 121188
201111798 2 121149
199911799 3.9 121194
201011800 3.9 121166
200111801 1.9 121204
200411802 3.9 121128
200111803 4 121180
200811804 3.3 121139
201711805 3.8 121174
199011806 4 121194
199611807 2.9 121132
199911808 2.8 121163
201511809 1.9 121143
199011810 2.1 121153
199111811 3.3 121124
200511812 1.2 121197
199711813 3.6 121169
200211814 4.5 121161
200611815 3.8 121158
201011816 1.5 121174
201711817 2.3 121186
200011818 2.9 121154
199811819 1.7 121210
199711820 1.9 121132
199711821 3.1 121144
201511822 2.4 121155
200511823 3.5 121172
201611824 2.3 121189
201711825 2.1 121197
200811826 1.3 121153
199211827 4.3 121118
200811828 3.6 121142
199311829 1.5 121157
199211830 1.8 121164
200111831 3.9 121161
201111832 1.6 121167
199711833 3.5 121209
200811834 1.9 121120
199011835 4 121147
201211836 2.1 121211
200111837 3 121165
201611838 2.9 121165
200211839 2.5 121165
200211840 4 121149
201511841 4.1 121188
199411842 4.2 121140
199411843 2.1 121185
201111844 2.1 121131
201711845 4 121121
200211846 4.4 121188
201011847 1.2 121193
199011848 2.6 121170
200111849 2 121121
199511850 3.1 121201
199511851 2 121160
200211852 1.2 121154
200411853 2.9 121184
199811854 3.9 121157
200611855 4.3 121135
201311856 3.2 121138
200911857 2.2 121151
201411858 4.2 121203
200611859 2.9 121192
199011860 1.8 121194
201011861 1.8 121170
199811862 1.5 121195
201211863 4.1 121134
200911864 3 121173
201711865 4 121130
201011866 1.7 121133
199311867 3 121201
199411868 1.1 121128
201711869 2.2 121122
200611870 3.4 121161
200111871 3.4 121161
200211872 4.4 121166
200111873 1.8 121129
200211874 1.5 121156
201311875 2.1 121186
201211876 3.5 121163
199911877 1.6 121137
200511878 2.9 121152
201311879 3.2 121196
200711880 3.2 121210
199511881 4.1 121181
201611882 2.1 121197
201711883 3 121117
200611884 3.4 121184
200311885 2.2 121146
199311886 2.8 121182
200511887 2.4 121128
201011888 1.1 121209
199411889 4.1 121190
199211890 3 121169
200411891 2.6 121136
201311892 2.8 121115
200011893 3.9 121203
200611894 2 121112
200211895 3.4 121174
201411896 4.4 121129
199111897 1.7 121156
201111898 4.3 121139
199811899 4.3 121189
199311900 3 121208
199011901 2.7 121113
199511902 3.4 121182
201211903 2.9 121124
199511904 4.1 121206
200911905 3.2 121127
199511906 1.3 121141
200611907 2.4 121197
199511908 1.9 121146
201411909 1.1 121166
201311910 2.3 121184
201011911 3.7 121156
199111912 3.6 121198
199211913 4.4 121204
201411914 2.6 121149
200611915 3.9 121115
199111916 3.5 121194
200411917 1.9 121211
200111918 1.2 121175
199411919 2.8 121137
199011920 2.5 121165
199711921 2.3 121153
199311922 3.6 121150
201411923 2.1 121175
199311924 1.1 121205
200211925 3.2 121152
199111926 3.4 121210
200911927 2.2 121161
201411928 2.8 121148
200711929 1.1 121175
199511930 1.1 121127
201411931 3.2 121142
201111932 1.8 121151
201111933 1 121117
199611934 1 121114
199611935 4.2 121127
200111936 3.1 121208
200811937 1 121122
200511938 2.4 121145
200311939 1.5 121187
199111940 1.7 121167
199211941 2.9 121160
199711942 2.2 121125
200311943 3.4 121186
199411944 4.2 121130
201311945 3.6 121154
199411946 1.5 121144
200611947 1.9 121161
199911948 3.5 121114
201711949 2.8 121200
201511950 2.5 121123
199411951 2.5 121137
200311952 4.4 121137
201011953 4.1 121209
201311954 2.1 121126
199411955 2.5 121168
201311956 1.2 121180
201411957 3.5 121140
200411958 1.8 121169
201411959 1.3 121185
199111960 2.1 121182
200411961 1.8 121148
200111962 2.9 121149
199211963 1.9 121167
200811964 1.1 121183
199911965 2.3 121146
199411966 1.2 121118
200211967 2.2 121139
199211968 1.9 121156
199811969 4.4 121116
201511970 1.7 121186
200811971 1.6 121120
200811972 3.8 121199
200511973 3.4 121186
200211974 1.6 121127
200411975 1.6 121180
200311976 2.8 121192
201211977 1.9 121170
200011978 3.6 121120
199711979 2 121179
201211980 3.2 121183
200511981 4 121147
201511982 1.3 121118
201311983 1.4 121196
199711984 2.2 121207
200411985 2 121123
201311986 1.9 121205
199311987 1 121188
199411988 1.6 121153
200311989 3.9 121182
199811990 2.3 121116
200311991 2.3 121130
201311992 2.8 121205
200811993 3.5 121160
201211994 1.7 121145
199811995 2.1 121192
201111996 3.5 121123
201411997 3 121178
201711998 4.2 121123
201211999 2.9 121199
199112000 3.9 121135
201712001 4.2 121178
201112002 3.6 121127
201612003 3.7 121152
201012004 3.6 121205
200512005 4.3 121207
201412006 3.6 121168
200512007 2.5 121143
200712008 1.8 121175
199412009 1 121148
200512010 2.7 121126
200812011 3.9 121156
200212012 3.2 121201
201312013 3.4 121194
201112014 4 121112
199012015 2.2 121111
199312016 4.1 121168
200812017 1.5 121122
201312018 1.4 121167
199812019 2.9 121116
201012020 1.6 121203
199712021 3.5 121185
200512022 3.7 121151
199512023 4.1 121191
200512024 2.3 121148
201412025 2.1 121189
201712026 1.1 121144
201312027 1.4 121158
199612028 3 121168
201712029 2.3 121127
199112030 2.5 121196
201412031 3.8 121134
199012032 1.3 121137
200012033 3.3 121140
201012034 2.7 121137
199612035 2.3 121129
201012036 3.8 121163
200612037 2.9 121133
199012038 1.4 121181
199912039 2.5 121143
200712040 2.3 121132
200112041 1.2 121112
201412042 4.2 121200
199712043 3.4 121195
200612044 1.2 121130
199712045 1.2 121204
199812046 2.7 121202
201412047 4.2 121184
199212048 3.6 121159
199112049 1.3 121156
199612050 1.5 121179
201312051 3.6 121119
200212052 4 121188
200112053 3.8 121177
201512054 3.5 121121
199612055 4 121167
199812056 3.1 121180
199212057 1.2 121156
201412058 2.7 121183
199512059 3 121201
201012060 2.5 121190
200912061 1.7 121141
199712062 4.2 121135
200212063 2.5 121182
201312064 1.7 121179
200412065 4.4 121177
199312066 3 121140
200412067 3.1 121204
201112068 2.8 121199
200812069 1.1 121173
200812070 2.3 121152
199812071 3.8 121118
201012072 1.3 121157
199212073 1.5 121149
201212074 2 121199
200012075 3 121138
201712076 2.6 121195
200712077 3.9 121129
199812078 2.8 121194
200212079 3.5 121211
200212080 1.3 121171
201212081 3.3 121121
200712082 4.4 121188
200112083 1.6 121183
201612084 1.7 121177
199712085 1.7 121163
200312086 3.4 121161
200112087 1.5 121170
201012088 2 121199
201012089 3.8 121207
201412090 2 121123
200912091 2.1 121138
200412092 1.7 121178
200112093 1.3 121141
200312094 4 121127
199412095 4.3 121115
200512096 2.9 121160
200812097 2.2 121160
200212098 4.1 121123
199412099 2.3 121161
201712100 1 121199
199012101 3.9 121178
199112102 2.2 121126
201712103 2.1 121186
199512104 3.7 121207
199712105 3.7 121163
200312106 2.6 121196
199012107 2.5 121173
200112108 4 121165
200812109 1.7 121152
199912110 3.5 121170
200912111 3.5 121137
200412112 1.5 121196
199912113 3.3 121124
201112114 3.8 121191
200612115 2.1 121198
200212116 3.4 121204
200712117 1.9 121199
201212118 2.1 121179
200112119 2.2 121144
200212120 2.6 121121
199512121 4 121198
201112122 3.7 121198
200012123 1.3 121204
201012124 1.8 121161
200012125 3.3 121194
200712126 3.7 121140
201512127 3.5 121208
201612128 3.8 121174
201012129 2.1 121137
199312130 3.6 121181
199912131 1.4 121206
200912132 2.7 121158
201712133 1.9 121134
199312134 3.1 121206
199512135 2.6 121149
200512136 3.3 121119
199512137 3.8 121191
200312138 3.1 121134
200812139 2.7 121201
200212140 1.6 121157
199612141 3.4 121203
200112142 2 121126
201712143 1.1 121113
201712144 4.5 121112
199412145 4.2 121127
201712146 3.2 121140
200612147 3.7 121135
199812148 2 121124
200412149 1.6 121129
200812150 1.5 121143
199212151 4.1 121141
201612152 4.5 121191
200312153 1.4 121167
200212154 3.1 121199
200012155 4.5 121129
200612156 3.4 121139
201212157 2.6 121187
199912158 2.5 121139
200712159 2.9 121119
200312160 2.3 121129
201612161 2.2 121176
199012162 1.6 121167
200412163 4.3 121123
201412164 2 121194
199512165 2 121155
199512166 1.1 121188
201612167 3.7 121201
199212168 1.5 121191
199012169 3.6 121130
201112170 3.5 121114
200712171 2.2 121197
201712172 3.8 121194
201412173 2.9 121208
200412174 4 121183
200112175 2.5 121177
199412176 1.5 121182
201212177 4.1 121187
200112178 3.8 121171
200712179 1.7 121130
200712180 1.8 121114
200912181 4.3 121181
199812182 3.8 121190
199312183 2.1 121143
201012184 3.6 121134
201212185 1.7 121167
201512186 3.2 121114
199112187 2.2 121165
200612188 4.2 121111
200512189 2.1 121151
201612190 3.7 121152
199612191 1.5 121195
200012192 2.9 121178
200012193 3.7 121129
200612194 2 121200
200212195 3.5 121157
199112196 3.1 121172
199412197 3.5 121147
200112198 1.5 121165
200512199 2.7 121197
200412200 2.9 121183
201312201 3.6 121118
200212202 2.4 121194
200312203 1.7 121119
201612204 3.5 121196
201312205 3.9 121119
200812206 4 121206
199912207 3.5 121165
199112208 3.2 121115
199512209 2.7 121176
201012210 3.9 121119
201012211 2.9 121113
200112212 4.3 121194
199212213 3 121155
199012214 4.1 121124
200812215 1.7 121136
199612216 3.7 121182
200012217 1 121207
199212218 2 121145
199312219 4.4 121144
201412220 3.1 121135
201112221 3.2 121112
200612222 2.9 121145
200112223 3.4 121131
199112224 4.3 121158
201612225 2.6 121139
201412226 1.2 121117
200012227 1.3 121111
201612228 2.6 121142
199512229 1.7 121203
200112230 2.4 121130
199612231 1.8 121149
200212232 4.2 121156
201112233 1.5 121132
199712234 3.9 121131
201212235 3.8 121184
199812236 2 121188
200912237 3.1 121205
199712238 1.3 121136
199812239 2.4 121117
201312240 1.7 121115
201512241 3.4 121172
199612242 2.1 121200
199012243 1.9 121150
199912244 1.4 121116
200412245 4.5 121118
200512246 4.5 121123
200312247 3.5 121208
201512248 2.5 121171
201312249 1.4 121182
200612250 2 121178
201012251 1.1 121129
201712252 3.5 121175
199912253 1.7 121192
201012254 3.3 121164
201712255 1 121198
201212256 1.3 121142
199012257 2.6 121195
201312258 1.2 121120
200212259 4.3 121134
201112260 3.5 121202
201212261 3.9 121117
200112262 1 121159
199912263 3.8 121194
200912264 3.2 121152
201412265 4 121169
199812266 2.5 121125
201112267 3.4 121151
201712268 4.3 121173
199012269 2.9 121171
201612270 2.9 121197
199412271 3 121180
200212272 3 121114
200012273 3 121161
200012274 3.1 121207
201012275 4.1 121119
201412276 2.2 121210
200412277 2.6 121142
201512278 4.5 121207
199712279 1.8 121205
200812280 1.7 121179
200112281 2.8 121183
201612282 2.7 121140
201712283 3.2 121156
201512284 2.7 121128
199512285 2.5 121130
201112286 3.9 121192
201612287 3.6 121115
201712288 1 121124
200312289 2.1 121122
200212290 3 121154
200412291 1.1 121187
200212292 2.3 121176
199512293 2.9 121131
201412294 1.1 121117
201412295 3.5 121181
200912296 4.4 121168
200712297 2.3 121167
199412298 3.4 121176
199412299 2.4 121207
201612300 4 121167
200412301 3.5 121198
199312302 4.2 121195
200712303 1.4 121171
200212304 2.3 121208
199012305 1.8 121127
200412306 2.1 121144
200612307 3.9 121140
201612308 3.6 121131
199612309 1.1 121194
201612310 3.5 121166
200812311 4.4 121162
199212312 1.1 121133
201712313 3.6 121155
200412314 3.2 121144
200012315 2.5 121186
200912316 3.2 121126
200912317 3.1 121194
201612318 2.7 121206
200012319 2.5 121177
201312320 2.2 121113
201512321 2.2 121194
200912322 3.2 121200
201512323 3.1 121139
199012324 2 121132
199312325 1.6 121171
199312326 1.7 121173
201512327 2 121163
199812328 3 121182
199612329 1.9 121190
200112330 3.3 121205
200212331 1.4 121135
200212332 1.9 121209
201012333 2.9 121135
200412334 2 121131
200712335 1.1 121176
199512336 4.3 121128
199212337 2.7 121152
200112338 3.4 121210
201612339 3.3 121115
199612340 1.3 121118
201012341 1.6 121150
200112342 1.8 121207
200412343 2.4 121129
201312344 4.2 121194
199812345 4.4 121114
200512346 3.6 121186
199512347 2.5 121113
200012348 2.2 121196
199412349 2.9 121177
200112350 1.1 121194
200712351 1.3 121194
200512352 1.8 121209
199312353 2.3 121182
201112354 2.8 121120
201612355 4.2 121137
201412356 2.9 121133
200112357 3.8 121119
199912358 1.6 121169
200712359 4.2 121165
199412360 1.3 121188
199412361 4.4 121173
199512362 4.3 121203
199512363 3.3 121112
201312364 4.3 121119
201112365 4 121199
200212366 4 121150
201012367 1.3 121117
199212368 1.2 121120
200112369 1.5 121147
201112370 3.8 121159
199712371 1.9 121192
199612372 1.7 121193
199112373 2.1 121208
200412374 2.3 121115
201412375 3.9 121142
200412376 4.4 121121
201712377 2.2 121153
199012378 1.2 121179
199712379 1.3 121162
201312380 3.2 121124
200312381 4.4 121206
200612382 1.2 121197
201012383 3.3 121203
200612384 2.7 121209
199212385 4.4 121205
201312386 1.6 121193
201612387 1.6 121121
201712388 1.3 121189
200512389 1.9 121167
201112390 1.1 121206
199712391 2.8 121200
200712392 1.4 121136
200212393 2.4 121201
200212394 2.9 121158
200712395 1.2 121172
201112396 2.8 121169
199812397 4.2 121144
200012398 2.3 121168
201612399 2.1 121174
201112400 2.7 121125
199512401 1.2 121174
199912402 1.7 121211
200912403 1.4 121132
199512404 2.6 121207
201412405 4.4 121131
200812406 1.6 121131
201212407 3.6 121179
200512408 1.2 121207
200112409 2.5 121129
201512410 3.2 121169
200412411 1.4 121160
200912412 2.5 121187
200212413 4.2 121185
199212414 3 121128
201512415 3.6 121115
199312416 3.2 121205
200612417 2.8 121197
199712418 1.1 121122
201712419 1.7 121125
199412420 1.1 121163
200012421 4.1 121165
200712422 2.4 121185
199112423 3.6 121123
201212424 1.8 121164
199112425 3.1 121144
199312426 4.2 121163
201712427 3.4 121145
200312428 3.4 121165
200512429 1.6 121168
200812430 2.5 121183
201212431 3.8 121159
200912432 1.5 121195
199612433 2.4 121175
199812434 1.3 121194
201212435 4.4 121208
200112436 1.1 121209
201712437 1.9 121167
200012438 1 121157
200712439 1.6 121160
200812440 3.6 121200
199812441 3.2 121159
200712442 4.2 121181
199712443 3.6 121158
201712444 2.2 121163
201312445 2.8 121143
201712446 1.1 121116
199512447 3.1 121125
199212448 1.4 121205
201712449 4 121170
200012450 1.2 121194
200312451 1.7 121128
199212452 4.2 121181
200012453 3.7 121127
199612454 3.1 121188
199712455 3.3 121205
200512456 3.8 121119
199512457 4 121176
200512458 3.2 121154
199512459 1.8 121167
201312460 1.5 121134
199812461 3.5 121116
199712462 3.3 121158
199912463 2.5 121114
199512464 3.5 121150
200812465 3.2 121207
201112466 2.6 121148
200712467 3.6 121134
199612468 3.1 121153
200012469 3.9 121114
201712470 3.8 121141
200612471 1.1 121139
201012472 2.1 121190
199112473 2.6 121211
201412474 1.8 121149
200712475 2.9 121152
201512476 2 121155
200512477 1.8 121134
199512478 1.4 121159
200112479 3.1 121208
199712480 1.2 121192
201512481 2.8 121129
199212482 2.5 121207
200012483 4.4 121180
199212484 1.1 121211
200612485 1.5 121176
200212486 3.7 121171
199912487 3.6 121203
200212488 1.2 121138
200512489 1.7 121191
201712490 3 121162
201212491 1.6 121138
199512492 3.7 121162
201312493 2.5 121129
200612494 2.5 121198
200412495 2.5 121137
199312496 4 121112
200312497 3.3 121138
199312498 2.6 121177
201612499 3.7 121166
199912500 3.4 121124
200312501 2.9 121127
201412502 1.8 121174
200612503 3.5 121187
201112504 2.7 121207
201312505 1.4 121184
200512506 1.9 121111
201612507 4.1 121184
201112508 1.3 121173
201712509 3.3 121120
200712510 1.9 121152
199012511 3.3 121153
200712512 1.4 121178
199712513 3.2 121135
201712514 1.5 121122
200012515 3.3 121151
201312516 3.9 121124
199712517 2.1 121210
201412518 3.7 121195
200612519 2.9 121114
200112520 3.8 121210
201712521 1.8 121147
201112522 3.9 121147
201212523 2.1 121177
200212524 2.6 121190
200912525 3.6 121205
201012526 3.4 121203
200612527 1.3 121124
200012528 2.4 121159
201712529 1.9 121120
199912530 2.4 121153
200612531 3.6 121205
200412532 2.8 121129
199412533 4.1 121160
200812534 3.4 121162
200712535 3 121200
201512536 3.2 121195
200612537 4.4 121196
201712538 1.7 121163
201612539 3.7 121190
199512540 2.3 121200
200912541 3.9 121183
199712542 1.8 121175
200612543 4.1 121189
201212544 3.4 121178
201412545 2.2 121186
200212546 1.1 121184
200812547 1.7 121152
200012548 1.3 121170
200012549 1.8 121125
201312550 2.1 121151
201012551 1.4 121163
200512552 1.3 121185
199212553 2.5 121179
200412554 2.6 121203
201112555 3.6 121142
201312556 4.4 121148
201212557 3.2 121120
200812558 1.1 121113
201412559 3.7 121135
200212560 3.2 121146
199912561 3.4 121178
200712562 3.7 121127
199712563 2.5 121138
201512564 2 121193
200612565 2.2 121177
199112566 1.6 121136
200212567 3 121134
199212568 1.7 121140
200612569 3.1 121177
201712570 3.1 121126
199312571 1.5 121186
200512572 1.1 121121
200612573 3 121150
201512574 3.5 121161
201112575 2 121127
200512576 3.8 121166
199212577 1.9 121160
200012578 2.2 121198
199712579 2.8 121114
199912580 3.1 121132
199112581 2.8 121116
199412582 1.7 121188
199912583 3.6 121171
201112584 2.8 121142
201612585 4.2 121149
200112586 1.7 121153
201312587 1 121204
200512588 3.3 121137
199812589 2.3 121127
199012590 3.3 121145
201212591 1.6 121209
201312592 3.3 121160
200212593 4 121206
199012594 3.7 121162
199912595 1.9 121169
200712596 4.3 121153
200612597 2.9 121206
200012598 2.6 121201
201712599 2.9 121178
200012600 2.3 121188
199712601 4.2 121208
201512602 2.6 121148
199212603 1.5 121187
201212604 2.1 121149
201312605 2.3 121191
199512606 3.9 121148
199612607 2.3 121196
200412608 1.6 121154
199412609 2.3 121196
200312610 4 121153
200112611 4 121205
200312612 1.6 121169
199712613 3.1 121187
200312614 1.5 121202
199512615 2.6 121195
199612616 3.2 121204
201312617 3.2 121158
201312618 2.5 121181
200712619 4.4 121155
199312620 1.4 121127
199812621 1.3 121130
201212622 2 121161
199812623 3.5 121188
199612624 1.1 121120
200112625 1.4 121185
200012626 1.4 121131
200312627 2.6 121148
200912628 3.1 121174
199612629 2.2 121165
200812630 2.2 121117
201112631 2.8 121187
200312632 4 121129
200712633 4.3 121116
200112634 4.3 121169
200812635 3 121160
199412636 3.7 121117
199012637 2 121164
200112638 2.7 121181
200712639 1.9 121116
199112640 3.7 121133
199712641 3.2 121135
201012642 3.5 121147
201712643 1.7 121125
200712644 2.4 121187
199212645 3.2 121188
199812646 4 121154
200412647 2.1 121188
199212648 4.1 121161
200612649 1.1 121112
201612650 2.5 121166
200112651 1.4 121161
200512652 2.5 121173
199912653 3.4 121157
199212654 3 121165
199412655 3.4 121165
200012656 1 121129
200812657 2.1 121178
199512658 4.4 121182
199612659 1.6 121136
201512660 4.2 121126
199212661 3.7 121210
200112662 3.2 121152
199012663 3 121132
200312664 1.5 121190
200612665 1.9 121197
200812666 2 121188
199812667 2.7 121197
200112668 3 121121
201412669 4.1 121129
199712670 2.5 121186
200812671 3.9 121181
199212672 1.8 121135
200212673 1.3 121174
199712674 4.3 121120
201712675 3.9 121144
199712676 3.8 121130
199112677 2.7 121169
201512678 1.9 121164
201712679 1.9 121183
201612680 1.8 121165
200712681 2.8 121183
199512682 1.7 121181
200212683 1.4 121211
201212684 2.8 121121
199512685 1.5 121156
200912686 3 121154
200312687 3.4 121190
199512688 3.2 121145
199512689 4.4 121181
200412690 3.3 121185
200612691 1.4 121159
201712692 4.2 121165
201112693 2.9 121130
201712694 3.3 121150
201512695 1.5 121179
201512696 4.4 121179
199112697 3.6 121205
201312698 3.3 121121
200112699 3.1 121201
201212700 1.1 121169
200812701 1.7 121190
201512702 3.9 121211
200212703 3 121120
200312704 1.4 121135
200512705 3.1 121146
200912706 2.7 121193
200712707 4.3 121169
199412708 4.1 121207
200512709 3.5 121124
199912710 3.6 121206
200412711 3.7 121174
199412712 2.5 121126
199212713 2.4 121135
201712714 3.9 121209
199712715 2.3 121210
200712716 4.4 121122
199712717 2.9 121197
200612718 2.4 121165
200412719 2.9 121140
201112720 1.2 121195
200612721 1.5 121192
200512722 4.3 121165
199712723 3.4 121136
201712724 4.3 121112
199812725 3.2 121134
200812726 1.6 121193
200312727 3.1 121131
199512728 2.9 121111
201412729 2.2 121151
200712730 2.2 121113
200812731 3.4 121172
201112732 1.7 121211
200812733 3.7 121120
201612734 2.5 121195
201712735 3.6 121115
199512736 2.7 121166
200612737 1.9 121116
200512738 2.6 121130
199812739 1.5 121125
200112740 1.1 121192
201212741 2.6 121188
200612742 1.2 121167
199012743 1.4 121171
199112744 3.1 121120
200812745 2.4 121185
199312746 2 121202
201712747 4 121197
200412748 2.8 121148
199212749 3 121196
199112750 2.6 121172
199112751 1.8 121184
200812752 1.1 121177
199412753 3.1 121132
199412754 3.3 121208
200712755 3.2 121149
201612756 1.8 121129
201512757 1.6 121129
199612758 1.7 121194
201512759 2.2 121111
199712760 1.7 121147
200212761 4.4 121150
199912762 3.7 121200
200912763 3.3 121186
200512764 3.4 121199
199912765 2.5 121128
201412766 2 121204
200912767 1.3 121185
200812768 3.3 121205
200912769 3.7 121163
199612770 3.1 121150
200412771 3.7 121207
200012772 2.6 121123
200912773 3.2 121144
199912774 1 121184
200712775 1.3 121139
199812776 2.8 121120
201512777 2.2 121130
199712778 4 121131
201012779 3.3 121179
200412780 2.1 121188
199812781 1.6 121121
199812782 2 121178
201012783 1.7 121183
201312784 3.1 121157
199212785 3.1 121159
200812786 1.2 121146
200312787 1.8 121145
200112788 1.7 121183
200712789 1.2 121193
201012790 4.3 121122
200612791 3.1 121158
199612792 3 121163
200512793 1.1 121160
200712794 3.2 121122
199112795 1.7 121132
199812796 3.3 121133
201412797 3.9 121140
199012798 3.3 121150
199712799 4.3 121148
201212800 2.1 121173
200912801 3.7 121117
201312802 2.7 121202
200312803 4.3 121171
200612804 1.8 121127
200112805 1.5 121161
201512806 1.4 121165
200812807 2.4 121205
199812808 1.8 121148
201712809 4.2 121136
199712810 1.5 121139
201712811 1.6 121197
201012812 4.2 121123
200512813 3.3 121135
199812814 2.5 121162
201212815 2.1 121188
201712816 2.8 121183
200112817 4.3 121172
201412818 1 121120
200512819 1.7 121142
200112820 4.4 121137
199312821 1.5 121211
199112822 2.5 121173
200712823 2.5 121180
199512824 4.3 121156
199712825 1.7 121158
200912826 2.9 121139
200012827 3.3 121138
199912828 3.6 121142
199912829 3.8 121142
200812830 1.7 121187
199612831 1.1 121197
200312832 3.9 121202
199812833 3.7 121130
200112834 1.8 121188
201612835 1.2 121187
201012836 1 121168
201612837 3.1 121123
199212838 2.3 121180
201412839 3.9 121182
199712840 1.8 121149
200512841 2.3 121128
199912842 3.4 121125
200012843 3.6 121141
200112844 3.7 121131
200612845 3.9 121151
200112846 3.4 121124
199212847 4.2 121145
201712848 2.1 121175
199112849 4.5 121173
199212850 1.5 121174
199312851 4.4 121129
199112852 4.2 121181
200712853 4.5 121112
199312854 1.3 121157
199612855 3.4 121201
201512856 3.5 121132
200512857 3 121191
200512858 2.9 121156
199612859 3.1 121111
199212860 1.6 121143
199712861 2.2 121204
199912862 3 121176
199212863 3.7 121172
199212864 3.4 121133
201312865 3.8 121202
199912866 2.1 121131
199612867 4.4 121121
199712868 2.7 121161
200512869 3.9 121195
199512870 4.3 121164
200512871 1.9 121198
201112872 1.3 121154
201712873 1.1 121153
199812874 2.3 121209
201112875 1.5 121183
200312876 1.4 121124
199712877 2 121153
199312878 2.7 121147
200312879 1.9 121124
199012880 1.8 121160
199212881 4.3 121190
200212882 2.2 121202
201612883 1.4 121163
200912884 2.2 121129
199412885 4.1 121125
200612886 2.2 121195
201112887 3.9 121209
199412888 1 121160
201212889 4.4 121187
200112890 4 121207
199112891 1.6 121139
199912892 2.8 121197
201712893 2.4 121210
199312894 2.6 121192
199612895 2.4 121169
201712896 2.6 121179
200812897 1.6 121171
199512898 3.9 121197
199912899 1.8 121118
199812900 4 121132
200012901 1.5 121174
201512902 2.4 121148
200612903 1.8 121185
201712904 2.9 121121
199212905 3.3 121205
200112906 3.6 121202
200212907 2.9 121173
199012908 2.9 121211
200612909 2.9 121175
201112910 2.2 121171
199712911 4.2 121203
199712912 3.9 121162
201312913 4.3 121199
201412914 3.7 121178
200212915 3 121119
199912916 3.2 121164
200412917 3 121158
201112918 3.8 121180
201412919 3.7 121124
199912920 3.3 121140
200712921 4 121196
200012922 1.4 121135
200612923 3.8 121112
201712924 3.1 121198
200112925 1.9 121135
199612926 1.4 121196
201012927 4.1 121130
201012928 3.9 121158
199412929 1.3 121203
199412930 4.4 121199
200212931 2.7 121195
200112932 1.1 121170
199412933 4.4 121152
200912934 4.1 121135
199712935 2.7 121195
200312936 2.2 121205
201712937 4.2 121156
201112938 4.4 121129
201512939 2.4 121201
199912940 4.3 121149
201312941 1.3 121181
201512942 3 121204
201712943 3.2 121185
199912944 3.6 121161
200712945 1 121188
200212946 3.9 121178
200212947 3.6 121159
201512948 2.5 121136
200712949 3.4 121130
200912950 4.3 121171
201212951 2.9 121174
200312952 1.1 121116
200812953 2.2 121194
201712954 3.3 121145
199712955 2.8 121151
199912956 4 121168
201312957 3.3 121184
200012958 4.3 121116
199512959 2 121200
199212960 4.2 121148
199912961 3.4 121156
200312962 3.3 121149
199612963 1.3 121119
200912964 1.9 121151
201012965 3.3 121186
199412966 3.4 121130
199912967 1.3 121211
201712968 2.6 121116
201312969 1.1 121198
199912970 4.2 121207
201512971 2.9 121153
200912972 2.7 121126
199412973 2.4 121138
200212974 1.5 121130
201412975 2.6 121148
199212976 2.6 121156
199412977 1.9 121113
200812978 2.4 121203
199612979 2.1 121123
200612980 2.4 121196
201212981 3.6 121178
201112982 3.1 121181
201612983 3.7 121161
199712984 2.1 121120
200412985 4 121169
201212986 4.3 121153
201212987 2.2 121115
201612988 3.7 121174
199412989 2.8 121114
200512990 1.8 121124
199512991 3.2 121167
201612992 4.1 121123
201712993 1.2 121188
199112994 2 121193
200312995 3 121140
199612996 1.1 121173
199812997 1.6 121187
200512998 4 121154
200112999 2.6 121186
200813000 3.6 121157
201113001 4.4 121209
199413002 3.6 121152
201113003 4 121191
200313004 4.3 121175
199913005 2.2 121189
200213006 4.3 121203
200413007 1 121127
200813008 2.8 121161
201013009 1 121114
199213010 3.7 121189
201313011 2 121130
199613012 3.9 121147
201413013 2.1 121189
199613014 4.4 121131
201213015 2.4 121115
199413016 3.7 121115
200013017 3.7 121123
200213018 2.4 121142
201613019 1.3 121142
201013020 2.8 121175
201713021 2.6 121152
200513022 1.6 121196
201513023 2.1 121195
200213024 1.5 121150
199913025 1.4 121117
201513026 2.7 121185
201713027 2.5 121134
200813028 4.3 121199
199813029 3.6 121124
200913030 4.2 121158
201013031 3.8 121182
199113032 1.5 121124
201213033 4.1 121177
200613034 2.4 121182
199613035 2.1 121167
199613036 2.7 121160
199613037 3.3 121152
201413038 3.1 121154
199013039 4.1 121202
200713040 1.2 121139
200313041 1.1 121115
199613042 1 121129
199013043 4.1 121171
200513044 4.1 121133
199813045 2.9 121128
201213046 2.1 121171
201013047 2.3 121142
199313048 4.2 121194
199313049 3.6 121146
199513050 3.7 121202
201513051 1.3 121169
199913052 1.6 121170
201413053 1.1 121174
201513054 2.2 121177
199713055 1.5 121135
200213056 1.8 121155
200113057 4.3 121117
199813058 4.2 121189
199513059 2.2 121127
200113060 1.2 121124
199113061 2.1 121141
200813062 1.2 121163
201213063 2.2 121189
200113064 3 121190
201313065 4.3 121149
199713066 2.3 121211
199513067 1.5 121179
201313068 1.2 121173
199413069 2.1 121161
199013070 1.7 121175
200413071 4 121207
200913072 1.2 121135
199013073 4.1 121124
199413074 1.2 121201
199013075 2.1 121168
201313076 4.5 121162
200613077 2.7 121157
199713078 1.1 121187
199513079 3.6 121116
199513080 3.1 121145
199213081 2.3 121181
199913082 2.4 121127
199313083 3.9 121118
201313084 1.6 121111
200813085 4.4 121111
200813086 1.9 121160
200413087 4 121145
200413088 3.8 121206
199013089 1 121153
200313090 2 121207
201413091 1.2 121183
201513092 2.2 121131
200313093 4.5 121180
199313094 1.6 121210
200713095 3.3 121156
199513096 1.7 121169
199213097 4.4 121209
201113098 1.6 121193
199313099 2.2 121205
200813100 3.1 121188
199713101 2.8 121111
200013102 3.2 121177
201113103 3 121120
199513104 3.4 121171
201013105 1.3 121160
199913106 4.5 121188
201113107 3.1 121144
200613108 3.8 121133
199913109 1.7 121203
199313110 3.5 121154
199713111 1.8 121194
200513112 3.7 121194
200713113 1.3 121141
199813114 2.2 121200
199013115 3.4 121156
200013116 4.4 121197
200313117 4.1 121143
199813118 2.7 121131
200113119 3.8 121203
199013120 2.7 121192
201113121 2.9 121153
200113122 1.6 121152
200213123 4.2 121150
200213124 2.5 121154
200413125 2.9 121112
200613126 1.3 121139
199313127 4.3 121198
200213128 2.2 121170
200113129 2.3 121190
201313130 2.1 121203
199313131 3.9 121147
201313132 4.5 121152
199413133 2.2 121210
199413134 2.8 121118
200513135 4.2 121114
199313136 4.1 121197
200713137 1.6 121175
200513138 3.4 121184
201213139 1.1 121139
201313140 1.2 121166
199613141 3 121188
200613142 2.4 121169
199613143 2.1 121188
201113144 3.4 121111
200413145 2 121161
200913146 2.3 121173
200213147 3.8 121113
201313148 2.5 121191
199213149 2 121137
200213150 2.5 121196
199313151 3.3 121173
199513152 1.1 121176
199013153 3.6 121202
200913154 1.7 121127
201713155 2.9 121152
201013156 3.8 121196
199013157 2 121133
201713158 1.1 121195
200213159 3.3 121180
200213160 3 121149
200813161 4.1 121194
200013162 3.7 121150
199013163 1.2 121183
201013164 3.4 121122
200113165 1.9 121209
201013166 4 121130
201413167 2 121133
201013168 1.1 121160
201013169 1.4 121147
199213170 2.2 121208
201613171 3.8 121196
199413172 3.1 121133
199013173 2.4 121172
201413174 3.1 121145
200513175 2.2 121174
201413176 1.2 121193
199913177 2.5 121200
199213178 1.7 121165
199113179 4.5 121133
201613180 1.5 121115
199413181 2.9 121138
199213182 3.2 121190
200113183 2.3 121156
201713184 3 121201
199513185 2.3 121162
199613186 1.6 121152
200613187 3.7 121193
200213188 1.4 121162
200213189 2 121143
200813190 1.8 121121
201713191 2.6 121168
199713192 2.2 121143
199913193 3.7 121167
199813194 3.5 121169
199413195 3.3 121187
200713196 3.7 121192
199013197 2.6 121203
200813198 3.4 121135
199413199 1.8 121129
200713200 4 121127
200313201 1.7 121211
200513202 2.3 121117
200913203 4.4 121128
199213204 1.4 121173
200413205 1.5 121172
200413206 2 121112
201313207 4.3 121207
201113208 2.7 121151
199213209 3.9 121149
200113210 1.2 121171
199113211 4.2 121211
201313212 1.2 121120
200413213 3.1 121122
201213214 2 121162
200213215 2.6 121206
199813216 1.4 121133
201513217 1.6 121199
200613218 1.7 121146
200113219 3.9 121200
201613220 1.9 121181
199713221 3.8 121180
199213222 2.1 121140
199713223 1.2 121113
200813224 3.1 121152
201113225 2 121117
199913226 1.4 121196
200313227 1 121152
199313228 1.6 121199
199713229 2.4 121115
201113230 1 121197
201513231 4.4 121211
199713232 4 121171
201313233 3.6 121149
201613234 2.2 121121
200213235 1.8 121150
200113236 1.5 121173
200113237 1.5 121209
201113238 3.4 121121
200013239 1.5 121191
200013240 3.1 121145
200313241 4.1 121200
200913242 1.3 121207
200013243 3.5 121163
201213244 4.3 121167
201413245 4.3 121112
200213246 2.4 121146
201513247 4.3 121205
199013248 3.8 121202
199713249 2 121126
200113250 3.3 121116
201413251 1.6 121122
200413252 4.4 121150
201613253 3.8 121210
201613254 1.7 121178
201413255 2.9 121142
199313256 3.2 121150
199913257 1.3 121149
199213258 2.8 121116
199713259 1.4 121120
199113260 3.2 121165
200213261 1.3 121211
201313262 3 121204
199213263 1.2 121125
201313264 2.2 121166
199613265 3.4 121112
201713266 1.1 121123
199313267 2.7 121175
201613268 4.4 121194
199613269 1 121170
199913270 2.2 121154
200913271 3.6 121190
200413272 3.5 121148
200513273 4.4 121167
199813274 1.7 121116
201513275 1.8 121131
200513276 3.1 121128
199213277 3.9 121177
200613278 1.3 121159
200813279 3.8 121182
200713280 3 121151
200413281 2.4 121186
200613282 3.5 121170
200113283 2.2 121136
201613284 2.8 121132
200813285 4 121208
199213286 2 121113
200313287 2.5 121129
200413288 4.2 121137
201513289 2.3 121152
199113290 1.9 121137
199813291 2.5 121151
199813292 3.7 121192
201113293 3.4 121198
199413294 3.2 121191
199613295 2.5 121205
200613296 1.7 121127
200513297 4.5 121157
200413298 3.1 121171
200913299 3.4 121182
201713300 3.1 121185
200713301 4.1 121139
199013302 1.1 121142
199613303 1.5 121122
200813304 1.9 121196
201013305 4.3 121209
199913306 4.3 121192
200613307 1.6 121191
200213308 3.8 121183
199213309 2.1 121209
201713310 2.8 121155
201413311 1.4 121132
201113312 1.3 121158
201013313 2.6 121191
201613314 1.6 121169
201013315 4.3 121130
199213316 3.8 121167
201313317 2.4 121151
200513318 4.4 121158
201213319 4.4 121181
201113320 2.3 121124
199113321 2.7 121144
199913322 4.5 121130
201013323 2 121126
200013324 2.2 121140
201113325 3.9 121113
201413326 3.6 121147
200813327 1.6 121183
201713328 4.5 121178
199313329 3.9 121203
200913330 2.8 121205
199913331 2 121156
200913332 1.3 121144
199713333 4.4 121193
201113334 2.9 121127
200413335 1.3 121191
199313336 2.8 121189
199713337 2.3 121135
200413338 1.6 121151
200313339 4.2 121203
200813340 4.5 121180
201213341 2.7 121182
200913342 3.6 121175
200913343 1.3 121211
200713344 4.5 121131
201013345 1.3 121170
200313346 3.7 121141
200213347 2.1 121127
200213348 1.7 121165
199313349 3.8 121155
201213350 1.3 121207
201213351 2.3 121116
199713352 2.7 121155
201013353 4.3 121143
200713354 1.1 121132
201613355 3.4 121177
200813356 3.7 121169
199513357 3.5 121176
200113358 1.4 121136
199213359 3.5 121211
201413360 2.4 121114
200713361 4.2 121117
201113362 1 121116
201313363 3 121208
199813364 1.2 121122
201213365 1 121143
199513366 3.8 121198
199813367 1.7 121207
200413368 4.5 121174
200613369 1.5 121163
200813370 1.5 121136
200113371 3.9 121136
199813372 2.5 121181
199813373 3.1 121208
200813374 4.4 121178
199013375 1.7 121142
199013376 1.3 121170
200113377 4.3 121182
200113378 3 121170
200113379 3.6 121206
199513380 2.9 121150
200413381 2.3 121195
200013382 1.5 121126
200413383 2.2 121162
199013384 1.8 121179
199313385 2 121148
201113386 1.9 121136
199713387 2.3 121179
201213388 4.4 121159
200913389 3.7 121189
201313390 1.6 121174
199513391 3 121204
201213392 4.1 121154
201113393 2.1 121166
200213394 3.1 121206
199813395 2.5 121128
201613396 1.4 121132
200513397 4 121136
199613398 2.5 121181
199713399 4.2 121118
199413400 2.9 121182
201113401 1.4 121137
200413402 1.6 121163
200413403 2 121195
200513404 2.6 121157
201313405 2.1 121206
201213406 2.8 121170
201613407 4 121192
200713408 1.6 121124
201413409 2.5 121124
199213410 2.6 121141
200913411 1.3 121127
201013412 2 121145
200513413 2.2 121125
201313414 3.8 121196
199013415 2.4 121150
199613416 1.7 121173
201313417 2.3 121128
200913418 3 121148
200313419 3.4 121146
200713420 2.8 121125
201513421 1.1 121131
201113422 3.6 121138
199913423 4.3 121197
199613424 3 121168
199413425 1 121116
199513426 1.2 121148
201413427 2.1 121171
200313428 1.7 121116
200113429 1.9 121193
200813430 2.8 121191
199713431 2.9 121160
200113432 2.9 121144
199813433 3.5 121148
199613434 3.4 121172
199913435 3 121111
201313436 3.3 121144
200813437 2.3 121122
199613438 1.2 121154
200713439 4.3 121124
200313440 1.9 121149
201613441 1.5 121178
200413442 2.7 121201
199013443 4.4 121167
201113444 2.5 121141
201313445 3.2 121160
199913446 1.2 121207
200113447 3.6 121181
200913448 1.6 121194
200713449 2.1 121162
199513450 1.9 121115
201113451 3.9 121186
199313452 1.2 121123
200013453 2.9 121120
199013454 4.5 121170
200413455 3.8 121165
199313456 4.4 121114
199013457 4.1 121129
200713458 3.5 121183
201213459 3.8 121125
201013460 3 121140
201713461 3.5 121149
199713462 1.7 121136
199613463 2 121205
200813464 3.6 121173
200713465 2.9 121166
199813466 2 121209
199113467 4.1 121144
200813468 3.4 121199
199313469 1.8 121114
201313470 1.6 121161
201613471 1.6 121142
199813472 4 121168
201213473 2.5 121144
201213474 1.7 121175
200613475 1.6 121145
201013476 1.2 121211
199513477 3.7 121117
201113478 1.7 121180
199413479 2.8 121143
199313480 3.7 121185
201213481 2.9 121165
199213482 1.7 121129
201713483 2.8 121207
199013484 1.3 121172
199713485 1.4 121119
199513486 3.2 121138
201413487 3.3 121151
200413488 2.8 121151
200113489 2.9 121119
201513490 3.9 121193
200113491 2.7 121145
200013492 3.3 121211
201313493 2.9 121179
199713494 2.8 121201
200113495 1.6 121162
199313496 1.3 121210
199513497 3 121181
199313498 1.8 121143
200713499 4.4 121120
200513500 4.3 121123
200013501 1.9 121203
200113502 1.2 121122
201113503 4.4 121135
200913504 1.2 121193
199713505 3.4 121156
201613506 3.2 121111
201313507 2.3 121140
200613508 1.4 121167
199813509 2 121165
199913510 1.4 121189
199413511 1.4 121131
199513512 4.3 121155
201613513 3.6 121196
200713514 4.1 121149
200113515 2.5 121129
200613516 4.4 121142
199513517 1.4 121182
201113518 2.3 121151
199413519 3 121161
200413520 3.4 121193
200313521 4 121197
201613522 3.8 121128
201213523 3.9 121159
200413524 1.2 121179
201513525 2.6 121135
200713526 2 121144
199813527 2.7 121194
199413528 2.2 121144
199713529 2.6 121180
199313530 1.7 121132
201513531 3.5 121125
199813532 1.3 121130
200613533 2.4 121130
200313534 2.1 121175
199613535 2.2 121157
200313536 2.8 121149
200813537 1.3 121151
199213538 1.8 121191
200713539 3.9 121184
199013540 4.2 121197
199713541 2 121204
200013542 2.8 121112
199113543 2.7 121147
200513544 2.8 121170
199313545 3.5 121205
201013546 2.1 121113
199613547 3.9 121120
199713548 2.7 121180
201213549 1.8 121112
199013550 1.4 121147
200613551 3.2 121196
200313552 4 121142
201013553 2.3 121156
200113554 3.9 121202
199713555 4.2 121179
199013556 1.7 121178
199913557 2.6 121140
200613558 1.9 121183
201613559 3.3 121202
199313560 2.7 121162
199413561 3.2 121146
199513562 3.6 121186
199113563 1.8 121137
201213564 2.2 121201
200213565 2.5 121211
199613566 3.4 121182
201413567 3.3 121124
199513568 2.6 121203
200413569 2.6 121136
199613570 1.8 121207
199413571 2.9 121189
199713572 3.2 121153
201713573 2.8 121155
200213574 3.7 121173
200713575 4.2 121113
200113576 2.5 121165
199913577 2.9 121190
199113578 1.4 121118
201313579 3.9 121111
199613580 1.7 121124
200613581 2.6 121189
201513582 1.2 121153
200913583 1.1 121208
200213584 3.9 121123
199713585 4.4 121180
200413586 1.1 121171
199113587 1.5 121153
199113588 2.2 121155
199513589 2 121194
200313590 3 121202
201513591 3.5 121145
199113592 1.6 121121
201113593 2.9 121204
201013594 3 121144
199713595 3 121185
199213596 2.2 121164
200813597 3.7 121192
199913598 3.1 121150
199613599 3.2 121165
200513600 4.1 121172
200213601 3.1 121194
200613602 2.4 121118
201513603 2 121211
200113604 4.3 121179
201113605 3.6 121116
199513606 4.3 121203
201413607 2.5 121128
199113608 4.2 121210
201513609 2.8 121117
199913610 2.9 121170
199113611 3.2 121151
201513612 3.2 121198
199413613 2 121141
200913614 3.7 121151
200013615 3.7 121193
199213616 4.5 121189
201513617 1.2 121129
199813618 2.2 121155
200213619 1.4 121176
199313620 4.2 121192
200513621 3.1 121194
199113622 3.2 121181
199713623 2.3 121184
201613624 1.5 121172
200713625 2.8 121112
200513626 1.1 121175
201313627 4 121121
200913628 2.7 121194
200413629 3.8 121154
201713630 2.8 121198
200613631 1.5 121169
199913632 2.8 121163
201313633 2 121119
201613634 2.8 121163
200413635 1.5 121183
199613636 1.5 121179
199013637 1.1 121181
200213638 2.1 121152
200413639 1.6 121183
199913640 3.3 121173
199313641 2 121142
200113642 3.2 121138
199213643 3.1 121129
201113644 2.5 121207
200013645 1.2 121125
199013646 2.7 121166
201113647 4.3 121181
199913648 1.7 121202
199913649 1.7 121174
199513650 1.8 121120
201113651 3.8 121117
201513652 2.9 121159
199213653 2.3 121121
199113654 1 121178
199013655 1.8 121204
201713656 2.4 121164
201013657 3.6 121134
201013658 2 121202
199213659 1.1 121138
199813660 1.8 121131
201513661 2.5 121139
199213662 4.5 121191
201113663 2.4 121149
199213664 2.8 121205
200113665 1.6 121177
199813666 3.8 121125
199113667 2 121177
201313668 3.8 121112
200913669 1.4 121158
199613670 3.5 121195
200513671 1.8 121153
199313672 3 121189
201013673 2.9 121194
200413674 3.9 121166
199813675 2.6 121172
201113676 2.5 121203
201113677 1.6 121147
199313678 1.4 121208
200513679 4.5 121113
199713680 4.5 121125
200213681 3.3 121154
199313682 1.9 121123
199513683 2.4 121174
201713684 3 121165
200613685 2.6 121194
199513686 2.6 121116
201613687 2.9 121210
201413688 3.8 121161
199213689 4 121186
200113690 4.3 121151
201213691 3.8 121146
201513692 4.1 121114
200113693 4.3 121117
199513694 1.1 121118
201213695 3.5 121165
199913696 1.3 121155
199313697 1.3 121119
200013698 3 121131
200213699 1 121143
199813700 1.8 121124
201313701 4.1 121135
200213702 1.8 121113
200713703 4.1 121198
199613704 1.4 121143
200913705 1.7 121193
201513706 3.2 121129
200713707 1.7 121145
200613708 3.6 121129
200613709 4.3 121111
199013710 1.6 121205
199513711 3.3 121115
199813712 3.3 121211
201313713 3.5 121176
200613714 2.8 121188
201113715 4.5 121138
199313716 4.1 121124
200913717 2.2 121140
200213718 1.9 121185
199213719 3.7 121144
200713720 3 121135
200913721 2 121186
200113722 2 121211
201113723 3.5 121207
200013724 2 121172
201513725 4.1 121150
201413726 4.2 121209
200013727 3.1 121157
199713728 4.4 121170
199413729 1.9 121112
199913730 1.5 121123
199213731 2.5 121205
201713732 2.7 121181
201713733 2.1 121210
199013734 3.7 121164
199613735 1.5 121158
200013736 3.2 121170
199013737 3.3 121200
199113738 3.4 121126
199413739 2.3 121203
199613740 4.4 121178
201213741 2 121114
201513742 3 121162
201113743 1.2 121185
201213744 2.7 121137
199513745 3.6 121162
199613746 1.1 121131
201413747 2.1 121124
199813748 3.4 121126
200213749 2.5 121141
199213750 4.5 121195
199013751 2.6 121185
199313752 2.5 121186
199513753 1.7 121209
199013754 1.8 121125
199713755 3.6 121192
199213756 2.6 121168
201213757 2.8 121210
199313758 3.4 121167
200813759 4 121168
200813760 4.1 121170
199313761 3.9 121157
199213762 1.3 121112
199413763 2.1 121171
199513764 3 121169
201213765 3.1 121184
199413766 2.9 121134
201213767 1.4 121201
200113768 2.9 121193
200113769 3.2 121147
200913770 2 121141
199213771 1.6 121151
199913772 2.4 121193
200113773 1.9 121132
200013774 2.5 121185
199713775 3 121151
200913776 2.7 121150
199513777 1.1 121176
200313778 1.4 121155
200913779 2 121203
199013780 3.5 121192
200613781 3.5 121197
201213782 1.9 121119
199913783 1.4 121193
200213784 1.7 121151
199813785 2.8 121119
199013786 1.1 121195
201113787 1.8 121196
201613788 1.7 121156
199313789 2.4 121133
200413790 2.6 121202
199413791 1 121127
199913792 1.1 121167
201713793 1.4 121120
199713794 3.2 121165
199413795 1.7 121118
199713796 3.4 121162
199013797 1.7 121127
200813798 3.5 121120
199213799 3.5 121158
200713800 1.4 121188
200513801 3.1 121119
200713802 2.4 121198
199813803 1.4 121187
200513804 3.5 121181
199913805 2.6 121198
199013806 3.8 121145
199213807 4.5 121190
199113808 1.7 121193
201713809 3.9 121199
201313810 4.3 121177
199313811 2.1 121120
201213812 2.2 121122
200113813 3.7 121173
201213814 1.2 121189
200513815 3.2 121184
201613816 3.5 121117
201013817 4.5 121207
199313818 4.1 121184
199413819 2.5 121167
200313820 3.7 121132
201213821 1.4 121120
199913822 3.2 121184
199213823 1.5 121188
199813824 3.7 121138
200313825 3.7 121121
200713826 3.4 121160
199813827 3.4 121154
199613828 3.4 121133
200013829 2.7 121189
199213830 1.8 121179
199213831 1.3 121139
200613832 2 121186
200613833 2 121179
201713834 2.1 121124
199113835 1.3 121181
199613836 1.7 121118
199813837 3.1 121123
200713838 1.2 121154
199613839 3.8 121137
199813840 1.6 121193
200913841 2 121201
201713842 4.1 121195
200513843 4 121132
200513844 3 121206
201213845 2.6 121117
201413846 1.7 121185
200913847 4.2 121187
199713848 4.2 121119
201213849 2.3 121155
200213850 3.3 121120
201213851 3 121172
200613852 2.9 121157
199913853 2.8 121181
200413854 3.2 121132
199413855 4.3 121184
201713856 2.9 121145
199513857 2.2 121155
200113858 1.4 121130
199313859 1.1 121174
199713860 3.9 121116
201513861 3.3 121117
200813862 3.9 121194
201313863 3.6 121139
200213864 1.9 121119
200013865 2.7 121132
199013866 3.4 121171
201513867 2.7 121124
201313868 1.5 121112
199713869 3.7 121162
200213870 3.9 121185
200313871 1 121164
199313872 2.8 121202
200813873 2.4 121156
199213874 3.1 121141
201013875 1.6 121146
200913876 2.7 121131
199413877 3.7 121181
201113878 3.6 121206
200913879 4 121162
201213880 4.4 121138
199713881 3 121116
199513882 4.4 121148
199313883 3.3 121194
200013884 3.9 121169
199213885 2.3 121196
200513886 3.2 121125
199913887 1.6 121180
201413888 3.2 121133
199713889 2.7 121188
200113890 3.6 121198
201513891 1.3 121174
199613892 4 121157
199713893 1.4 121185
201313894 1.2 121151
200613895 2.9 121197
201413896 3.2 121181
200813897 3.5 121145
200413898 4.2 121118
199013899 3.8 121151
199613900 2.9 121115
201313901 1.7 121163
200013902 1.8 121201
200013903 4 121185
199513904 2.2 121128
199313905 2 121116
199513906 1.9 121180
200413907 2.5 121201
199413908 3.3 121172
200313909 2 121193
200313910 1 121147
199013911 1.9 121206
200313912 2.4 121194
201313913 1.8 121156
201213914 3.6 121119
200313915 3.2 121161
200613916 3.5 121113
200013917 1.2 121146
199613918 2 121148
200613919 2.4 121192
200913920 3.3 121132
201713921 4.1 121207
200813922 3 121131
200513923 3.7 121127
200713924 2.9 121162
199313925 2 121174
200713926 1.8 121116
201613927 2.7 121209
201313928 3.6 121132
199813929 4 121128
201213930 4.2 121142
201513931 1.4 121153
200413932 3.8 121122
199413933 1.8 121163
199913934 3.1 121131
201213935 1.5 121177
201713936 2 121129
200313937 1.2 121189
201413938 2.5 121146
201213939 3.3 121115
199213940 4.3 121206
199113941 1.1 121128
199713942 1.6 121171
201013943 3.1 121176
200213944 3.6 121145
199413945 1.4 121180
199013946 3.7 121186
200013947 3.7 121158
200413948 1.9 121179
200213949 1.5 121114
201613950 3 121113
199213951 2.3 121202
201713952 2.4 121112
200613953 3.6 121134
199313954 3.6 121187
200313955 3.1 121113
201013956 1.1 121123
201513957 3.8 121157
199913958 1 121163
199413959 2.2 121167
200213960 3.5 121192
199813961 4.4 121147
199813962 1.1 121111
199013963 3.9 121111
199813964 3.8 121134
199313965 4.2 121131
201413966 3.9 121209
201113967 1.8 121184
201613968 2.4 121111
200413969 3 121123
199613970 2.9 121126
201213971 3 121208
201413972 3.7 121183
201313973 2.4 121190
201213974 4.4 121160
201413975 1.9 121173
199913976 2.8 121133
199313977 3.9 121168
200513978 3.2 121121
199213979 3.7 121148
199513980 2.6 121147
199413981 4.5 121152
201713982 4 121120
201213983 1.5 121169
200613984 4.3 121132
199013985 4.2 121177
201313986 2.4 121159
200813987 2.5 121111
199313988 1.5 121175
201413989 2.3 121125
201713990 4.4 121204
199513991 1.9 121129
200513992 3.7 121204
200513993 1.5 121199
201613994 3.4 121140
201213995 3.5 121121
201213996 1.9 121174
199013997 4.1 121179
200813998 1.6 121175
199213999 2.2 121183
